0.8291801
0.76412654
0.63743854
0.36203942
0.8567831
0.66916263
0.8897823
0.17669907
0.80596364
0.14027166
0.8566483
0.7136071
0.410307
0.29062995
0.32433614
0.4657526
0.1322753
0.16643149
0.16049676
0.39231834
0.6274102
0.42182848
0.20055528
0.73061705
0.3728016
0.86053634
0.87009335
0.80184263
0.88474697
0.37635347
0.16594455
0.5297133
0.77362275
0.3362306
0.84725994
0.84547156
0.09311239
0.25838408
0.16078372
0.19641294
0.25580963
0.21281718
0.5694661
0.20023337
0.5
0.38092124
0.80659884
0.4341929
0.6556037
0.38910314
0.4843881
0.69280267
0.70348686
0.8860722
0.45422536
0.85639364
0.88526326
0.86765856
0.8516782
0.8834867
0.7518079
0.2885305
0.86616904
0.7271516
0.4545371
0.8142899
0.8663307
0.6303461
0.54227966
0.5
0.58209616
0.72570986
0.789764
0.4594823
0.30273136
0.4205179
0.49170873
0.42359033
0.5
0.19957942
0.79299605
0.8762965
0.2208845
0.5
0.79317164
0.09074186
0.8906388
0.59227747
0.47078374
0.44926095
0.88963944
0.38200787
0.08779122
0.8393344
0.90402454
0.87064046
0.8398574
0.85792994
0.87279344
0.82233804
0.8826011
0.5731658
0.3267375
0.88124704
0.88188237
0.8911679
0.84355694
0.85104764
0.8511931
0.6988593
0.8739119
0.8852761
0.73285574
0.6620712
0.8749884
0.77260876
0.84682
0.66964597
0.7752189
0.31350142
0.88538224
0.8357498
0.6568134
0.14528549
0.34071395
0.8629338
0.091195166
0.5
0.18948066
0.36466673
0.88079965
0.106224075
0.09366029
0.35867852
0.29819185
0.14391895
0.85225296
0.8143611
0.86409944
0.68699807
0.25235808
0.19020423
0.8148004
0.20376775
0.6778427
0.8973608
0.095293626
0.8656625
0.88230366
0.8171459
0.8813425
0.8850237
0.38022074
0.84212047
0.7233368
0.6090091
0.8109111
0.35844374
0.92149365
0.7265044
0.8859302
0.8659184
0.8698066
0.7087789
0.8259272
0.8958911
0.881156
0.8144142
0.8853547
0.2841949
0.73912245
0.8761428
0.8636543
0.86488026
0.8202355
0.8907958
0.87195987
0.8211357
0.8839516
0.9078879
0.90373343
0.6975188
0.65313256
0.89103216
0.73652905
0.5768841
0.846402
0.2899749
0.10146492
0.22384948
0.70397943
0.254018
0.292395
0.30080318
0.8930153
0.8860845
0.26568407
0.83407396
0.58431906
0.6328585
0.46754703
0.70644736
0.40530768
0.61776596
0.8884906
0.8396526
0.0961366
0.30980298
0.29990265
0.71787864
0.87964684
0.9026545
0.8855782
0.6582099
0.26253036
0.28823772
0.89299023
0.8682914
0.8323066
0.8957734
0.8933927
0.8061661
0.82852566
0.35777116
0.8321285
0.8887636
0.8912143
0.8740206
0.8603965
0.8493752
0.88597333
0.87399834
0.5186866
0.8793952
0.8879884
0.85881335
0.87687314
0.85267085
0.88234144
0.8861849
0.8217435
0.80317026
0.870077
0.8765431
0.7937633
0.88439906
0.91053283
0.89963925
0.86414784
0.848386
0.8849282
0.8771077
0.83567256
0.863874
0.8729522
0.88362116
0.854186
0.7350767
0.8746903
0.6791668
0.30878815
0.8957955
0.74705
0.7821823
0.8588246
0.25756112
0.20433892
0.86287594
0.3547635
0.22574167
0.11278794
0.2455328
0.3221048
0.37387848
0.28673953
0.35106736
0.84538805
0.84785736
0.8696405
0.33457085
0.21636589
0.73120445
0.8691434
0.6713192
0.87154126
0.85818803
0.8609776
0.8782199
0.7531186
0.16543907
0.86491454
0.22284082
0.4192049
0.5777579
0.8567874
0.5
0.18532823
0.20054553
0.13772501
0.21316302
0.8224229
0.43768513
0.88622904
0.8573348
0.56080383
0.89743686
0.7243545
0.859348
0.8199738
0.9029257
0.86441946
0.88266426
0.87421805
0.88726765
0.8082957
0.8844647
0.8108024
0.8765413
0.8770804
0.8540644
0.8865662
0.8703052
0.32876942
0.29278842
0.83454555
0.8860794
0.8170581
0.68248796
0.8691137
0.8496875
0.8569583
0.88785917
0.91018105
0.85401946
0.8834013
0.7787004
0.8738071
0.68458825
0.8302526
0.8572852
0.87111616
0.77937865
0.8035308
0.6862915
0.8509185
0.8647059
0.8468741
0.736708
0.8409721
0.8734786
0.8419386
0.6256163
0.60124975
0.873166
0.34048212
0.3299354
0.7082682
0.85719585
0.5891037
0.83717537
0.24072663
0.34706417
0.23364884
0.866087
0.114344746
0.8181777
0.23000659
0.24092557
0.5
0.11608494
0.81217563
0.57584935
0.8684632
0.5676555
0.63291687
0.88147694
0.28534627
0.19182937
0.48036566
0.8342584
0.6133701
0.84516406
0.8691288
0.8275959
0.12085847
0.88338566
0.87688893
0.87158275
0.8708555
0.7297216
0.38676998
0.8641919
0.5560131
0.30243382
0.6523803
0.8803471
0.6240771
0.8902975
0.8978029
0.8762582
0.7231425
0.884429
0.8980315
0.87553823
0.822713
0.8020171
0.8504592
0.55509764
0.88380474
0.8797523
0.82976574
0.24792407
0.84750473
0.35095644
0.85050035
0.8805033
0.49252513
0.87464
0.8703036
0.87187004
0.90391505
0.8833238
0.84682393
0.89642614
0.8666059
0.73464847
0.8790732
0.8549189
0.3859702
0.8862538
0.85250235
0.76345414
0.87217075
0.38648558
0.2188049
0.86258054
0.8235611
0.58096963
0.82550895
0.8609975
0.86462754
0.9032107
0.8435731
0.1514971
0.75095725
0.2824155
0.3091415
0.87667423
0.44019455
0.70674783
0.24979466
0.35593534
0.6375857
0.38167053
0.43046668
0.7961746
0.37100723
0.13419767
0.89566696
0.8264316
0.8907271
0.86878496
0.74500287
0.84272707
0.8670732
0.8671984
0.8530258
0.8362761
0.43611673
0.41453487
0.5
0.13257743
0.11103119
0.8547461
0.803378
0.41148138
0.8327636
0.24535106
0.5703575
0.8691283
0.6732485
0.4532134
0.23335338
0.39147186
0.5275765
0.88903946
0.8689392
0.84675777
0.8827739
0.8939388
0.8787934
0.6889738
0.8576795
0.4194479
0.60412943
0.6705325
0.89716554
0.8510713
0.8636398
0.8677322
0.7887596
0.89667785
0.86129344
0.82639694
0.8812089
0.8761941
0.8776036
0.86161786
0.89446926
0.79266596
0.5105975
0.8838615
0.061806396
0.88861984
0.8663822
0.822683
0.6655118
0.86541057
0.89550966
0.8672098
0.49746856
0.5346943
0.8813455
0.89100814
0.7807138
0.8348579
0.89302623
0.8943957
0.8803921
0.83241284
0.8275715
0.8490604
0.8815565
0.68859005
0.8661496
0.8474509
0.8719207
0.8439916
0.23584974
0.6113812
0.5858774
0.79588234
0.8370217
0.8988179
0.89798504
0.89456165
0.84956515
0.88038146
0.5276648
0.8954207
0.88923377
0.87536097
0.7932931
0.19450596
0.32053035
0.76350397
0.50018793
0.5993902
0.8638193
0.6251567
0.88075346
0.23249838
0.118280545
0.25643906
0.25989074
0.43648082
0.90563726
0.3269339
0.8737227
0.66279817
0.8769269
0.7980703
0.88706225
0.86135244
0.5867751
0.38877818
0.31643417
0.5425726
0.8930924
0.17410265
0.7905418
0.768159
0.5522087
0.850394
0.889776
0.6319091
0.34169897
0.84154415
0.4003936
0.8550352
0.282275
0.85856485
0.8807019
0.7542707
0.74372035
0.12953168
0.83716214
0.7841701
0.83688825
0.4870684
0.3439402
0.4070156
0.80595183
0.77413136
0.865381
0.8799054
0.8602589
0.8027687
0.3622345
0.80980134
0.87357616
0.8293819
0.8487592
0.8744066
0.88518006
0.87938434
0.8811617
0.89844906
0.8907709
0.858835
0.86527604
0.87720335
0.8765953
0.86086017
0.800205
0.5
0.8666453
0.88377094
0.8523094
0.23236461
0.4894524
0.75329804
0.8886172
0.85372263
0.87275165
0.3675018
0.75058085
0.86965185
0.87879205
0.47978586
0.84949684
0.8785952
0.72212297
0.43216076
0.7791345
0.8745635
0.80283594
0.8827438
0.77870065
0.30570412
0.88406795
0.8539515
0.8000798
0.77766746
0.20562251
0.8935621
0.8741376
0.8756345
0.8785698
0.7943811
0.9010147
0.89031154
0.891876
0.87671435
0.8369077
0.72174
0.41347745
0.8736836
0.81683636
0.39064616
0.8506818
0.8148172
0.5389448
0.36865342
0.21044499
0.46429724
0.88348687
0.14812505
0.44415572
0.121211655
0.8786141
0.9021837
0.8675776
0.7823852
0.8429508
0.8286225
0.8614524
0.8597934
0.8701892
0.88778543
0.35052845
0.8302773
0.8742115
0.76376295
0.829871
0.8799282
0.21150345
0.73266137
0.8698507
0.59187394
0.8614857
0.27623078
0.27058318
0.8618799
0.4878035
0.19635159
0.66183716
0.8503575
0.6693413
0.85428613
0.7609578
0.87886196
0.87558585
0.45180088
0.40673295
0.34086156
0.3319416
0.41730344
0.26738754
0.8758125
0.456803
0.6022271
0.8910649
0.2039255
0.5430497
0.8846364
0.3724808
0.12969549
0.87040025
0.8784521
0.66432804
0.80248076
0.88161314
0.88988096
0.8671134
0.872753
0.8405172
0.8572974
0.8316985
0.85998136
0.81368655
0.90196335
0.88039076
0.8570116
0.86990005
0.89207065
0.8747226
0.6813979
0.8876157
0.8505953
0.8763489
0.67999446
0.89120597
0.8822659
0.8867816
0.9036592
0.8043937
0.8961205
0.85503644
0.87219197
0.8888618
0.43705794
0.8807189
0.8545107
0.84908634
0.8897056
0.84251934
0.850777
0.8741078
0.88012475
0.87903297
0.88479006
0.84153384
0.8722718
0.877642
0.8864122
0.8842644
0.8941485
0.8557463
0.90154856
0.80004555
0.68137276
0.4386487
0.8677769
0.62869585
0.8432365
0.8940571
0.841331
0.8935043
0.84282756
0.41520607
0.8984802
0.39107424
0.8827451
0.20864722
0.85020477
0.8125457
0.8817083
0.894782
0.8106087
0.8626523
0.6542549
0.53645563
0.8790124
0.88190395
0.8340065
0.88438624
0.7385408
0.6862742
0.8636076
0.8775249
0.62127584
0.20108254
0.86104953
0.85084987
0.45575526
0.8440478
0.29844716
0.76540315
0.22011538
0.883782
0.8439858
0.7344825
0.6335504
0.8556226
0.36096752
0.8853514
0.7872719
0.3472346
0.5487954
0.8262928
0.88999104
0.36942187
0.76410156
0.8500406
0.4356646
0.848483
0.8706614
0.5920109
0.8604915
0.89454895
0.7224591
0.77947366
0.56677777
0.23909101
0.59925646
0.8308118
0.86433196
0.8806824
0.7300671
0.8679101
0.4410495
0.39346936
0.84208935
0.48001593
0.7976543
0.44708288
0.75616413
0.7779263
0.79736996
0.87703204
0.87772435
0.858218
0.37855524
0.86718136
0.7034994
0.8634756
0.54113257
0.8612502
0.77618796
0.8705888
0.8978178
0.8967473
0.46069252
0.8211916
0.8829648
0.85409594
0.5950831
0.47177842
0.68273616
0.78131
0.87692267
0.88753915
0.8674034
0.8449673
0.4690626
0.84766895
0.89133114
0.801315
0.86821
0.80902636
0.8827969
0.26178163
0.54675514
0.64013976
0.3968832
0.25235564
0.8768143
0.7408775
0.8853865
0.3824868
0.63854015
0.8836149
0.53359807
0.5819491
0.5992866
0.8817743
0.87469304
0.22872993
0.45868564
0.49560198
0.3077345
0.38347346
0.7918525
0.8920669
0.8662661
0.8530485
0.8851812
0.11196912
0.81766826
0.17558599
0.6023365
0.6557366
0.84827125
0.8595238
0.5052165
0.80760384
0.72796637
0.37818328
0.15481831
0.7459007
0.8243543
0.90262794
0.8116455
0.27832487
0.779124
0.90205353
0.9047271
0.90345436
0.36552262
0.8681128
0.28898305
0.13504711
0.41708782
0.5854463
0.24364232
0.77581054
0.38035896
0.4143943
0.42887163
0.85795105
0.35953042
0.879482
0.5158742
0.862265
0.8913072
0.8778006
0.87402767
0.882162
0.88345224
0.86557025
0.8426582
0.8006968
0.88070995
0.3918256
0.4750991
0.8756907
0.834411
0.8665675
0.8787726
0.8875332
0.7356121
0.8655635
0.86982816
0.86931974
0.30549195
0.8577494
0.8730576
0.52570033
0.87353605
0.7841981
0.8785362
0.8113435
0.85593396
0.71590745
0.7758895
0.36069447
0.90948486
0.87819725
0.886873
0.66338503
0.8853575
0.5678601
0.8383735
0.89659554
0.89108884
0.8772939
0.82755125
0.80573595
0.7768971
0.87587875
0.8923026
0.84086835
0.7507215
0.8038094
0.8654976
0.82473874
0.84752095
0.8705335
0.36197478
0.4830876
0.5468451
0.8352692
0.24632107
0.8560725
0.8590931
0.85800207
0.8610955
0.46125612
0.74860287
0.7247914
0.7761476
0.6842354
0.8807893
0.36573252
0.50045437
0.57812864
0.81354326
0.45057538
0.10900497
0.20615324
0.88380086
0.8771706
0.8642348
0.87511855
0.87123686
0.4135775
0.8753273
0.7247343
0.6248707
0.8728031
0.8450127
0.8341132
0.8701011
0.86366963
0.8324939
0.7878085
0.1933963
0.6836788
0.86195475
0.8572963
0.88539684
0.852458
0.20684205
0.86580855
0.85570246
0.8728755
0.29270718
0.8557838
0.82882357
0.88799655
0.23674928
0.07202743
0.5080225
0.8780004
0.8711027
0.46634546
0.6375722
0.8495192
0.8494885
0.38139862
0.36620212
0.61733234
0.4036287
0.34302986
0.87558055
0.8519224
0.42916307
0.8655345
0.882491
0.8672213
0.86402744
0.7954321
0.86645955
0.7256949
0.83655566
0.60225314
0.7597885
0.89298296
0.8421005
0.87504417
0.8647027
0.861391
0.8682153
0.8823416
0.81530935
0.6447773
0.8897784
0.79316527
0.8764331
0.89130366
0.88427633
0.9028013
0.83683217
0.8612444
0.8055877
0.8376284
0.8618588
0.8750822
0.6440824
0.8731091
0.6196982
0.8697389
0.872998
0.3343048
0.8487328
0.8595408
0.8724202
0.76006097
0.57971483
0.8925234
0.8398157
0.77306914
0.86388665
0.88541085
0.89321375
0.8851255
0.88692915
0.53843886
0.81270075
0.88618904
0.8713443
0.83048743
0.8232366
0.6556861
0.8340724
0.7640976
0.84171194
0.77254856
0.83833617
0.48501232
0.87934387
0.5533619
0.8729965
0.88709545
0.16878039
0.65806806
0.8870184
0.2732263
0.8626334
0.3235566
0.10532452
0.8219781
0.87664
0.7973113
0.8796532
0.875927
0.6195742
0.8092915
0.56659096
0.8975789
0.87696147
0.8640998
0.8516239
0.8696219
0.16919757
0.12384432
0.8480405
0.5
0.8532928
0.36164773
0.87401515
0.79436237
0.1385234
0.08777252
0.87850416
0.8231418
0.8563468
0.8434335
0.8012342
0.8310514
0.86261827
0.87758607
0.7467906
0.8891517
0.8211025
0.8364855
0.8176203
0.8767247
0.81183946
0.6441871
0.89188063
0.8722255
0.8643069
0.78448325
0.86742324
0.6722037
0.38991928
0.8068153
0.4662118
0.8390461
0.6109899
0.11024602
0.8665406
0.8947797
0.6110105
0.24380507
0.60199237
0.8556345
0.86362207
0.868468
0.8035588
0.8734807
0.8809792
0.8302985
0.88669777
0.8288985
0.87128705
0.8816299
0.8835283
0.89751744
0.5514696
0.8615585
0.88071287
0.8578532
0.8711487
0.79444474
0.7017728
0.88054013
0.83346194
0.5663778
0.88053006
0.8798456
0.8664405
0.8832423
0.86283296
0.89592785
0.7848875
0.75226825
0.8531454
0.87884885
0.8544941
0.857922
0.7842873
0.8218247
0.5490268
0.8705897
0.8521243
0.2648893
0.46184054
0.5813831
0.88632315
0.7815872
0.888544
0.11360806
0.29620534
0.8767097
0.8567288
0.8645805
0.795619
0.8723613
0.79299545
0.40500373
0.72776324
0.6678684
0.46482074
0.13325346
0.677182
0.4934427
0.5778059
0.33644262
0.41133195
0.83413386
0.13804787
0.8571104
0.7892233
0.88232225
0.83537793
0.89697933
0.8914512
0.6344782
0.81006604
0.884555
0.8488394
0.87993115
0.35342458
0.9014596
0.44548127
0.35425362
0.20109068
0.3869572
0.8666253
0.42680892
0.77073264
0.43831953
0.10110968
0.42043525
0.32863796
0.23699099
0.874152
0.8873064
0.37154946
0.8655318
0.8756666
0.8311313
0.58926237
0.20030002
0.87113106
0.7029283
0.8732045
0.8702575
0.8475282
0.8595079
0.366434
0.8676685
0.87047136
0.88061196
0.8871765
0.8922609
0.8900505
0.8883626
0.8767468
0.88105017
0.8300983
0.7491495
0.84475565
0.89372385
0.7976893
0.8760485
0.86757535
0.88445
0.87319154
0.86569136
0.79311997
0.8480226
0.5814597
0.5275528
0.8800843
0.8021575
0.5138383
0.6924798
0.33962688
0.38135913
0.5603426
0.824637
0.89426386
0.86929506
0.8773597
0.90380675
0.86449426
0.83703667
0.87459034
0.893754
0.82754403
0.88829535
0.8878011
0.86839443
0.693273
0.68023306
0.5470745
0.70326805
0.63623714
0.7402111
0.8838418
0.8408077
0.8289523
0.80133975
0.883738
0.8858149
0.8944597
0.86517066
0.5498581
0.19720775
0.3350341
0.24480762
0.87636876
0.66177595
0.25308737
0.88399065
0.2362249
0.42078292
0.14461349
0.3246412
0.13586418
0.31013256
0.21478885
0.34686667
0.8665547
0.7861617
0.4629438
0.47698087
0.87061864
0.71966016
0.110840134
0.87671655
0.22877878
0.866089
0.634584
0.8848588
0.8112935
0.8352972
0.869687
0.8864519
0.8868702
0.16539072
0.8304297
0.82596564
0.86871237
0.8175322
0.35499966
0.87497807
0.85634094
0.26151097
0.895802
0.85694903
0.36511537
0.10982941
0.85094863
0.88973975
0.89358234
0.53894585
0.2069838
0.88887125
0.6968138
0.48745897
0.19936202
0.8505801
0.8875811
0.8626879
0.8794705
0.77141744
0.77858275
0.816653
0.8798637
0.44598103
0.8872992
0.88476765
0.7975392
0.86112773
0.86173457
0.86621994
0.8981761
0.8710909
0.7131245
0.8611189
0.8797245
0.88888615
0.8857183
0.89357245
0.8761314
0.90658116
0.70749176
0.6932514
0.64352024
0.8611317
0.8900363
0.89829224
0.8894934
0.83153236
0.8827335
0.85489094
0.87441707
0.9001017
0.8754403
0.891577
0.8921123
0.8073461
0.85821897
0.4612604
0.67842317
0.8745301
0.5414392
0.81163406
0.86805534
0.44424683
0.6920796
0.49031276
0.6835074
0.38697645
0.3314274
0.8556298
0.9136761
0.88807327
0.4599896
0.85314804
0.8353743
0.872133
0.8624721
0.89697176
0.8890077
0.88567334
0.8928024
0.847613
0.5
0.76400024
0.21277827
0.40532383
0.7696459
0.87832755
0.88996464
0.88325393
0.865175
0.59352195
0.31033662
0.71251786
0.8656567
0.24389043
0.67960787
0.6648478
0.16443545
0.77542573
0.19781953
0.14071298
0.84140265
0.28983194
0.46186504
0.8925688
0.78951484
0.19392323
0.89405423
0.70738256
0.7994904
0.8804069
0.87500244
0.87972516
0.8690087
0.23611827
0.6288285
0.88639766
0.15736814
0.8237978
0.849805
0.87417
0.5
0.8698737
0.15489702
0.8185847
0.8737913
0.80431783
0.893798
0.84275264
0.24941507
0.8797216
0.13153249
0.89662534
0.701695
0.70167404
0.7800865
0.1939588
0.8759084
0.8502218
0.8513683
0.46447292
0.44179443
0.5387783
0.89140993
0.8772506
0.8812324
0.88373613
0.82335955
0.7363601
0.9054003
0.6881167
0.8772516
0.87129396
0.8926927
0.84576
0.87715447
0.8506077
0.8811609
0.8753571
0.88937783
0.8913773
0.7046361
0.71412235
0.87193394
0.8090193
0.8452611
0.9031669
0.8829144
0.84755415
0.87772083
0.9025892
0.7043895
0.9202452
0.536182
0.85709155
0.866776
0.88726735
0.8298386
0.80633485
0.46852252
0.24402714
0.8967788
0.88118637
0.8881113
0.8699935
0.89803153
0.8812637
0.87400687
0.895884
0.57229733
0.8516285
0.8666759
0.87836695
0.89032876
0.43915227
0.8180593
0.6447342
0.85843766
0.5
0.5459334
0.86466277
0.81857383
0.86196774
0.86480933
0.89228505
0.8673154
0.8917717
0.14933226
0.87960535
0.8920602
0.18755016
0.894659
0.8105961
0.26846266
0.26172823
0.7403036
0.86082333
0.8751975
0.8731196
0.8478689
0.85197663
0.85906506
0.31761774
0.81733316
0.87844485
0.5363779
0.7813248
0.4856699
0.8617867
0.88623035
0.6524607
0.8042923
0.8739538
0.88327223
0.12973793
0.87231696
0.2694017
0.8435156
0.13911045
0.8759768
0.4824726
0.8713783
0.78893393
0.15382269
0.40243655
0.17436185
0.8614541
0.8702473
0.22912866
0.30161363
0.6771436
0.8095632
0.6423657
0.8894495
0.7777655
0.80245656
0.8842249
0.71501905
0.8186217
0.8712523
0.842609
0.6612751
0.881608
0.1679076
0.6696219
0.7699271
0.8831704
0.37599838
0.8928224
0.24442379
0.79397845
0.8438663
0.8777324
0.8694203
0.8674278
0.23466934
0.85822123
0.61257493
0.8832508
0.89177686
0.81298923
0.87790793
0.83722943
0.8649136
0.900309
0.8783318
0.90286326
0.86889267
0.8826662
0.8903675
0.86257
0.89787644
0.89972997
0.8926804
0.9081055
0.89776796
0.87760144
0.8891379
0.8389982
0.8824735
0.8984263
0.90289307
0.89005697
0.8594338
0.8558127
0.8578402
0.84383327
0.88993025
0.870869
0.8902531
0.8865915
0.88894427
0.8869795
0.89608264
0.88472754
0.87727326
0.8888556
0.85155976
0.8656054
0.8840726
0.76370305
0.8950995
0.87573284
0.8918418
0.8282495
0.9079177
0.9022163
0.9028228
0.8757226
0.5
0.8476026
0.67038167
0.748216
0.84682417
0.86320657
0.8733801
0.85204935
0.84581363
0.8857053
0.87360567
0.87639624
0.6527959
0.87003225
0.82750803
0.25011376
0.67483866
0.67375195
0.87624776
0.859204
0.14595099
0.84425664
0.8631025
0.89027894
0.8972735
0.85532033
0.88797176
0.8539316
0.18838303
0.85539025
0.871959
0.7951447
0.89085144
0.85271513
0.8775275
0.30032352
0.72806466
0.5923205
0.29414722
0.7354694
0.22061324
0.6310629
0.87693256
0.866303
0.90058464
0.47831577
0.89075476
0.45097858
0.14697354
0.8732979
0.34343484
0.8939292
0.41011557
0.80402774
0.45526358
0.70738316
0.88760525
0.67553145
0.5815756
0.8765014
0.86495084
0.22452882
0.8764833
0.8633739
0.8880591
0.87624776
0.87813485
0.87032616
0.7643113
0.86739373
0.776894
0.8653718
0.90080655
0.39578933
0.8927748
0.876285
0.8782674
0.88590425
0.8901806
0.5318763
0.8480075
0.8671237
0.9000315
0.74661845
0.798428
0.8772673
0.8752575
0.88660294
0.8980219
0.9014888
0.79345846
0.8878604
0.89002043
0.9000698
0.8771582
0.8882956
0.89437485
0.8711668
0.89647174
0.88416636
0.8652554
0.8994979
0.91005564
0.88428026
0.8901173
0.87064326
0.899985
0.9003211
0.8977715
0.89421725
0.8931507
0.8913398
0.88631153
0.8916362
0.8932342
0.9004727
0.88545936
0.8876883
0.89214146
0.64416283
0.86637753
0.8714154
0.87864983
0.8762857
0.90665954
0.89349234
0.8688205
0.40249607
0.8715432
0.872185
0.86065686
0.54214084
0.84749156
0.10035408
0.096505895
0.19170718
0.8732627
0.8623203
0.4061046
0.8715078
0.63462925
0.90000886
0.1294752
0.87320036
0.48318574
0.8673941
0.8818221
0.8883832
0.8629311
0.28644267
0.14878331
0.24155244
0.4077779
0.8729604
0.41822952
0.8678389
0.87354183
0.8907382
0.8902933
0.8824051
0.8374884
0.846437
0.76041275
0.8980591
0.86782074
0.8994284
0.40869647
0.81466585
0.90701354
0.2002153
0.8750958
0.8479825
0.8984081
0.5709542
0.5
0.59134746
0.5530223
0.8795307
0.284226
0.2105218
0.8310829
0.41613907
0.83768487
0.887904
0.37178493
0.85242224
0.7089545
0.28906062
0.8649729
0.8801611
0.79889864
0.8681077
0.8897067
0.87043595
0.8870518
0.88851345
0.84821826
0.88865185
0.8866732
0.8972061
0.88995147
0.82119495
0.590803
0.8139725
0.8686089
0.87174016
0.88257843
0.8995105
0.8721991
0.57023835
0.8724242
0.8466823
0.8856474
0.8926599
0.85681534
0.8835439
0.8955217
0.9047283
0.89754415
0.87666184
0.8502349
0.55736387
0.88325644
0.85907423
0.8983036
0.52862644
0.8943077
0.8787073
0.88950986
0.8088982
0.85105395
0.8774635
0.88804406
0.7918043
0.86399716
0.90023804
0.89039904
0.8811426
0.8947598
0.8917489
0.8698579
0.90578586
0.8884576
0.8952949
0.88959694
0.9117187
0.83369035
0.8878598
0.8826072
0.8612013
0.8968282
0.8376308
0.4450932
0.8659947
0.8660775
0.8727771
0.8880011
0.8929933
0.5678956
0.83338344
0.34112996
0.7053991
0.8541733
0.87441313
0.33771503
0.8806291
0.55724686
0.90513456
0.8796406
0.88748926
0.8924965
0.14939484
0.11657822
0.20326059
0.24018149
0.8253476
0.358038
0.86696595
0.19049701
0.3128311
0.48966548
0.3525098
0.83880806
0.16592921
0.11980945
0.848758
0.20924105
0.25301403
0.8712601
0.88817346
0.7160162
0.44957834
0.81779736
0.19643956
0.6622992
0.18776965
0.14156754
0.8934634
0.82710856
0.42817658
0.18001337
0.8854375
0.83105004
0.89356655
0.88869256
0.88872606
0.6782812
0.8514386
0.87452006
0.8836886
0.8623445
0.85481226
0.804419
0.8887157
0.8814241
0.8836506
0.8963412
0.82060903
0.89866525
0.84685904
0.78472906
0.9163255
0.48779032
0.8851972
0.85609895
0.8752753
0.72784257
0.88509375
0.85250264
0.890479
0.8324864
0.69145465
0.87515813
0.8846382
0.89171374
0.87575406
0.8088548
0.8519276
0.90622795
0.8916816
0.86950785
0.8772455
0.8847275
0.9022381
0.8656464
0.87451524
0.8767379
0.9016599
0.9188062
0.64256334
0.90755224
0.8917977
0.48882204
0.89179254
0.87822366
0.86873376
0.8497885
0.88242453
0.9054594
0.8624683
0.89975643
0.88743657
0.77950114
0.88013405
0.8712116
0.8870238
0.45346925
0.85267496
0.68806803
0.8689031
0.8799163
0.5638975
0.8646528
0.8801537
0.8617879
0.88512105
0.740384
0.31057182
0.06645127
0.6709745
0.81930876
0.4430385
0.8367107
0.7820265
0.89766026
0.78885555
0.6470963
0.28730264
0.48718694
0.8438001
0.8625107
0.88471794
0.8521682
0.88780475
0.09113787
0.18977496
0.46580648
0.17957748
0.73414874
0.29479086
0.26499787
0.14109173
0.35610214
0.07779535
0.20317814
0.36793652
0.24295989
0.15555234
0.5486992
0.8575818
0.8487063
0.88185245
0.41802213
0.38081202
0.39818543
0.44816622
0.65314835
0.89309204
0.3748107
0.38495377
0.53896224
0.8367247
0.35781902
0.8165149
0.7980805
0.89473677
0.8418055
0.9014718
0.87063044
0.8713534
0.47679546
0.860146
0.8882531
0.8084485
0.8132756
0.8862264
0.87514764
0.8535707
0.8488469
0.8755881
0.87769485
0.7900422
0.90007895
0.90415245
0.89286274
0.5215836
0.84781134
0.8542115
0.9071772
0.8794704
0.88533646
0.8790233
0.884854
0.87956643
0.8585997
0.87548023
0.8599943
0.8683735
0.8918549
0.89873546
0.86400795
0.79282904
0.89427805
0.59122837
0.71952313
0.8992428
0.6129894
0.88097245
0.8866555
0.84998965
0.8593111
0.87638104
0.8825155
0.8837777
0.86836183
0.84404474
0.91367525
0.90409446
0.86867756
0.78271997
0.4606964
0.83806604
0.87115777
0.74269444
0.844602
0.5419791
0.8952442
0.8575627
0.88861525
0.80277044
0.55436945
0.8597452
0.8868941
0.882214
0.9076911
0.81109405
0.8243556
0.8363068
0.8667884
0.8644916
0.88986504
0.4800942
0.8790359
0.8854184
0.7848104
0.86614865
0.8617891
0.85943586
0.88291824
0.812345
0.14148816
0.88657117
0.8884436
0.87864393
0.84216267
0.88454396
0.87343895
0.6112041
0.20128
0.13434169
0.8868532
0.13354965
0.47593987
0.26541272
0.47546157
0.49050638
0.43598285
0.2250333
0.24546455
0.76859885
0.15759647
0.85093266
0.9096366
0.2991807
0.5947797
0.5
0.39819238
0.6276851
0.84038365
0.35612038
0.80497056
0.17200035
0.42385438
0.90336484
0.9063525
0.4154005
0.8761781
0.87045765
0.797254
0.4948418
0.84136957
0.9091085
0.5216796
0.8712834
0.88198245
0.8559488
0.87928283
0.802356
0.8786231
0.86105233
0.89453363
0.34814167
0.8687408
0.85762984
0.8922322
0.6184058
0.3831143
0.8717428
0.8962713
0.879326
0.89157414
0.8471248
0.902686
0.8866044
0.7878512
0.8767594
0.8943922
0.88556457
0.8867905
0.862462
0.8610939
0.881768
0.876539
0.87712234
0.89859873
0.88830125
0.889317
0.7646394
0.81415313
0.8654624
0.7032431
0.851324
0.6458426
0.8927236
0.8799351
0.84139425
0.8894012
0.79260516
0.41953522
0.8467738
0.8874698
0.8566016
0.8308005
0.8993209
0.90543205
0.84574705
0.2926472
0.8678037
0.84708804
0.80851394
0.47986633
0.5
0.5651771
0.62066567
0.8459584
0.53589034
0.7491612
0.40756312
0.17024787
0.85661966
0.79136515
0.87737375
0.87635076
0.45287624
0.67361456
0.18087675
0.41444325
0.8339552
0.4931703
0.57764304
0.63315535
0.8924858
0.771107
0.103357814
0.89300483
0.8113176
0.89407986
0.8516453
0.87676674
0.88489753
0.9042835
0.34989092
0.86537313
0.1660182
0.08638732
0.3007192
0.1522186
0.87869143
0.87962824
0.88244426
0.8861012
0.25336802
0.807826
0.5
0.8830324
0.8760965
0.90930915
0.79986817
0.8966652
0.8579462
0.82319397
0.91077626
0.6352038
0.33304712
0.38303757
0.36738297
0.82330376
0.89833933
0.24977037
0.8771218
0.7262895
0.88466924
0.88693094
0.76697403
0.8746945
0.89659995
0.87723637
0.8565694
0.87694496
0.88706535
0.59925646
0.8912829
0.9018019
0.8531861
0.87478435
0.6542341
0.86847377
0.86425894
0.8540727
0.881845
0.84418964
0.8817974
0.8159626
0.889416
0.84212303
0.8589784
0.8871145
0.8254107
0.88150483
0.8836918
0.84794414
0.41993174
0.885651
0.69606644
0.88044614
0.86854595
0.88219213
0.38417143
0.87856436
0.8928312
0.86060536
0.9034713
0.7946513
0.70782596
0.89945185
0.9059144
0.8846222
0.8887837
0.8913308
0.85683495
0.81299424
0.877317
0.81076235
0.8512419
0.89618695
0.824835
0.79865545
0.46408015
0.8864637
0.87865686
0.88464785
0.90918803
0.88173395
0.8551457
0.90464026
0.89879996
0.8337309
0.8398998
0.4421059
0.8555661
0.87764066
0.48800743
0.86057943
0.8709898
0.8762432
0.8313155
0.7046736
0.8787677
0.8800262
0.80356747
0.8757554
0.870122
0.87004685
0.6656355
0.5867552
0.89136004
0.8476394
0.35985196
0.8758455
0.8771177
0.8759722
0.8595456
0.86924636
0.89453554
0.8556081
0.47515917
0.11153588
0.1850927
0.12530965
0.14632086
0.8104019
0.20085353
0.35048738
0.85997546
0.84598374
0.30071813
0.8233617
0.8827726
0.27602035
0.60336053
0.36762574
0.28690714
0.89062095
0.8012338
0.71809196
0.8857486
0.8990935
0.60520035
0.8684315
0.7787078
0.27687314
0.5406278
0.8100922
0.29589748
0.82919854
0.8307638
0.8857578
0.8566018
0.8905935
0.703883
0.75580686
0.90097946
0.8905365
0.7215952
0.9037201
0.85411954
0.8204673
0.89340764
0.86682636
0.8954837
0.8504209
0.66498935
0.82259214
0.8802893
0.8789335
0.78084856
0.8750049
0.7921686
0.836881
0.8887402
0.8783641
0.8994037
0.85973376
0.87441957
0.79688716
0.7695239
0.8043999
0.9060832
0.891949
0.8233048
0.8558927
0.7544865
0.74890167
0.8795444
0.88881475
0.88773376
0.63044333
0.47721955
0.88423693
0.32939893
0.9000042
0.8812088
0.89643484
0.87869847
0.84396017
0.77781564
0.82844466
0.53204846
0.34302667
0.5610065
0.8929653
0.88285273
0.8354197
0.8763737
0.74572194
0.8796145
0.7464601
0.871504
0.7410456
0.85055095
0.6442314
0.7484257
0.64846474
0.4645571
0.3860163
0.85843766
0.85974497
0.41712064
0.5
0.8755012
0.8627407
0.89669716
0.88919103
0.8496757
0.85557985
0.858856
0.8414257
0.9002736
0.72565794
0.86641854
0.8832533
0.23037986
0.8842487
0.88178706
0.8822373
0.5016129
0.8975371
0.87861246
0.894961
0.34451565
0.21878721
0.59059143
0.14094006
0.49243057
0.33249456
0.3794188
0.4734476
0.26089013
0.87670416
0.78315204
0.7662388
0.44434583
0.41598505
0.78854144
0.90722346
0.8567676
0.60465807
0.8728481
0.7660372
0.34473795
0.21960291
0.8461721
0.8799461
0.42050254
0.19071464
0.8683997
0.8440617
0.7247961
0.8189543
0.33872476
0.89597803
0.89330393
0.653139
0.86748385
0.86013275
0.40130424
0.884104
0.7815422
0.87367415
0.83486986
0.88120294
0.76866764
0.8656928
0.80310464
0.8694658
0.87525713
0.6761364
0.891517
0.9088465
0.87021226
0.8584968
0.88635266
0.84234303
0.88935435
0.8824347
0.86965233
0.8393964
0.8758623
0.90101236
0.87284803
0.8660393
0.8936112
0.8968176
0.8938391
0.8702233
0.65593356
0.86803293
0.8734385
0.8907201
0.88605726
0.85951203
0.8719976
0.8902739
0.8825049
0.8861493
0.87069976
0.8632002
0.8503398
0.8822286
0.44142872
0.853187
0.778949
0.68404144
0.7187971
0.7918854
0.50048965
0.67735064
0.6294345
0.8547956
0.70286065
0.86494243
0.8818783
0.87843794
0.8837795
0.8945881
0.81118196
0.8616676
0.50549906
0.8733662
0.89035237
0.88373643
0.87771237
0.881562
0.8654972
0.5
0.87205625
0.8519421
0.89691037
0.87916744
0.8451803
0.8683923
0.9042543
0.85607326
0.87916785
0.797011
0.76632875
0.5
0.8967782
0.69637084
0.8893535
0.8908626
0.89547384
0.893862
0.36151442
0.1642238
0.8484327
0.28644827
0.09179685
0.66562897
0.15580568
0.45855287
0.21310386
0.10856324
0.2725903
0.12765768
0.8544657
0.88195467
0.15075701
0.14926139
0.8840613
0.337017
0.5
0.8689431
0.32486248
0.565413
0.19414496
0.4463993
0.83740926
0.3759953
0.34146166
0.5
0.21024412
0.6642637
0.7929574
0.88479316
0.4626032
0.70113254
0.53834766
0.8739033
0.44580445
0.89561874
0.6488062
0.8356873
0.892317
0.795568
0.7628139
0.8736387
0.78185016
0.48340058
0.8544936
0.82930195
0.87971675
0.3099885
0.8580003
0.13577008
0.68292046
0.88284
0.86746925
0.8340394
0.79008585
0.8787278
0.82406163
0.88652825
0.8108506
0.76079714
0.7900553
0.55430925
0.8957302
0.7592458
0.84512854
0.8961723
0.3895213
0.5579315
0.8831096
0.8804569
0.89354706
0.89709806
0.8993943
0.89692676
0.86755466
0.75423664
0.7840733
0.86898893
0.87830716
0.8602295
0.89586747
0.51729244
0.8832778
0.8846125
0.8788725
0.6111502
0.8853694
0.86973745
0.87706983
0.8908834
0.8332511
0.88141805
0.8518904
0.8412642
0.69301105
0.78764594
0.5210456
0.698271
0.8907503
0.767061
0.46230724
0.81223494
0.8786029
0.81650084
0.8284685
0.67100954
0.45561355
0.85228044
0.8631873
0.6810242
0.67378896
0.79615
0.87126297
0.8980017
0.22045651
0.87439543
0.83211607
0.86865765
0.7406928
0.8807816
0.88600916
0.88974667
0.8992963
0.8781669
0.8045349
0.3739557
0.13250469
0.5663375
0.25009397
0.7468131
0.7381578
0.18538994
0.5
0.21057792
0.86843663
0.64011556
0.26497373
0.90860575
0.80388576
0.39248434
0.9013655
0.39231053
0.6120756
0.46622273
0.43392637
0.87517184
0.3665277
0.68101907
0.891804
0.8945676
0.17575686
0.36583182
0.86230105
0.8999848
0.5164619
0.87367517
0.8776797
0.9087282
0.8732447
0.8946887
0.88022304
0.8284628
0.89205605
0.86879534
0.88247615
0.84834117
0.83942604
0.88710755
0.59087354
0.81382257
0.8982733
0.76007205
0.87607634
0.8866558
0.8841323
0.86788934
0.3185742
0.54666287
0.88270473
0.86281025
0.8860293
0.8968028
0.8868597
0.88667744
0.82583797
0.8964752
0.88346314
0.9022937
0.86337966
0.73560584
0.8638121
0.88750815
0.7826209
0.89320415
0.82094264
0.8889506
0.7054683
0.7954501
0.88583463
0.88735276
0.88551915
0.768124
0.64798445
0.8189423
0.8840492
0.8849044
0.86766845
0.7690297
0.34171668
0.8738816
0.8725329
0.875824
0.8253979
0.7960603
0.6935014
0.86963683
0.8773107
0.8450799
0.555431
0.8456623
0.61030084
0.8740794
0.8855887
0.888571
0.8819912
0.8377504
0.40256068
0.5
0.39855313
0.8698902
0.87410533
0.8627029
0.87472796
0.89390975
0.7124982
0.57789946
0.8901045
0.86880666
0.8011313
0.8765053
0.85337245
0.8440797
0.69759864
0.88629067
0.8845418
0.87990874
0.41495752
0.84101725
0.71052265
0.8926125
0.08969251
0.7749212
0.7922897
0.25178403
0.5
0.2719736
0.26451656
0.8466447
0.7959291
0.8219326
0.90741974
0.8726829
0.9003109
0.8043593
0.8864422
0.88644284
0.4211714
0.298752
0.43616623
0.7946286
0.8773251
0.79624707
0.41809905
0.8980775
0.26170594
0.8846346
0.8958277
0.8707017
0.8503981
0.75724995
0.7862558
0.8853495
0.8728167
0.8817119
0.88920885
0.8637278
0.8575877
0.846754
0.8876185
0.88535756
0.8819777
0.88133526
0.86475706
0.8896674
0.7462793
0.40591818
0.79687655
0.8502354
0.9091168
0.7336769
0.85503465
0.8936806
0.8916246
0.57148665
0.8686548
0.88709146
0.8594726
0.88380086
0.7554868
0.6462211
0.89148337
0.89757276
0.7405542
0.88057697
0.2457993
0.821502
0.89850473
0.8849015
0.30308488
0.20115575
0.36228523
0.88313353
0.8856285
0.68615043
0.8225871
0.87127745
0.9181564
0.89201236
0.8893278
0.8564318
0.8733708
0.87028986
0.8534561
0.8548998
0.85903674
0.81211555
0.88260967
0.8911968
0.8470831
0.86757666
0.8747967
0.8598851
0.8882104
0.7851775
0.8453015
0.7747855
0.29962733
0.8773279
0.8767695
0.6344551
0.6984674
0.8423033
0.7490684
0.88614064
0.7848188
0.8233784
0.8056226
0.6959222
0.8905729
0.88700944
0.81204534
0.25582027
0.63426876
0.8869375
0.2629582
0.78512496
0.84320015
0.8957527
0.8868958
0.9019223
0.105509184
0.271792
0.73147917
0.44337586
0.27911806
0.5
0.58200616
0.6878398
0.30294392
0.42229033
0.42802003
0.3753777
0.36148188
0.5707838
0.5
0.6130997
0.7879661
0.20092677
0.7973303
0.41218242
0.29725328
0.26230174
0.2651142
0.11696525
0.316954
0.7604212
0.876973
0.8330397
0.6301457
0.91184247
0.31292418
0.8897354
0.8685359
0.12916616
0.43468407
0.868316
0.31246206
0.7687716
0.42105606
0.6877781
0.2781555
0.71501637
0.9039744
0.88274413
0.84845203
0.8039411
0.86694324
0.890075
0.84867865
0.8863778
0.893732
0.8450333
0.8247476
0.8600195
0.8635859
0.8809383
0.88344175
0.89085984
0.8785814
0.81770885
0.8386337
0.8899679
0.8174076
0.9072973
0.84103215
0.8961811
0.40605718
0.8038163
0.87268174
0.879382
0.8806311
0.88227713
0.8558459
0.87633514
0.87376875
0.86156625
0.8586013
0.8664528
0.8640271
0.8632847
0.8800785
0.89384305
0.89347726
0.841294
0.8826295
0.80770963
0.7828511
0.87778044
0.89672923
0.8604315
0.8826037
0.8791429
0.8634828
0.82731265
0.8736829
0.8896153
0.8747271
0.15346408
0.76102024
0.8735816
0.87564856
0.88793766
0.7740485
0.43840665
0.7265681
0.45444277
0.8933841
0.6962769
0.8594375
0.87712044
0.8516922
0.86110353
0.90612566
0.87540364
0.8730001
0.8887467
0.88988966
0.86512476
0.7594801
0.6081403
0.8836528
0.6441862
0.88917106
0.13693391
0.17662689
0.8035524
0.16119085
0.29918042
0.12034534
0.40992382
0.8138152
0.75656676
0.8539041
0.28532392
0.27936807
0.342835
0.6244201
0.84931105
0.42156303
0.5249245
0.85748833
0.839621
0.81495905
0.38815254
0.49538705
0.8537547
0.8123614
0.64313036
0.34944925
0.85741657
0.8571402
0.32149696
0.7203951
0.3769978
0.85210055
0.701873
0.74133176
0.79617363
0.8765432
0.6565931
0.87873423
0.8219044
0.85886693
0.8830789
0.8163004
0.7364711
0.7248142
0.86748755
0.8871674
0.9099117
0.89862406
0.63515896
0.85964143
0.866698
0.57284594
0.7081453
0.67612195
0.8688037
0.8809668
0.807167
0.83412
0.8603511
0.8615591
0.88121676
0.8581009
0.8751993
0.82292134
0.8611074
0.8854497
0.8899435
0.869045
0.89605814
0.80525434
0.89171904
0.86128414
0.9126552
0.8506493
0.8697688
0.8280667
0.8833807
0.83727986
0.89054537
0.8758567
0.8716336
0.88058114
0.8759697
0.8601188
0.8412308
0.8581704
0.77738833
0.8656031
0.8971193
0.8858165
0.8562242
0.5812758
0.88595396
0.7789775
0.7231823
0.80353
0.801829
0.86576605
0.6056696
0.8850523
0.8781928
0.89475715
0.8492802
0.8577943
0.8830004
0.8809448
0.84935224
0.85996073
0.38597623
0.84341276
0.84780824
0.9007678
0.8794093
0.89314026
0.8951582
0.89733183
0.8477368
0.79604656
0.6341992
0.24956866
0.8864893
0.7929027
0.88325346
0.883626
0.7912828
0.8895377
0.33408484
0.5581883
0.3779405
0.8187681
0.22407213
0.8729566
0.9014846
0.8598477
0.1749655
0.40824702
0.255682
0.28687927
0.7840087
0.16964062
0.32406762
0.22455016
0.8504006
0.8601335
0.4402584
0.78103167
0.8110695
0.7037639
0.7722205
0.33564857
0.8524901
0.46522626
0.82848084
0.7886684
0.33683154
0.8846024
0.7683675
0.89908105
0.82708
0.8940373
0.88985926
0.8879274
0.7232095
0.85267353
0.84543735
0.417694
0.8627238
0.9088166
0.8911434
0.9142497
0.87582207
0.8143593
0.8865382
0.8975304
0.89188033
0.88104004
0.86842185
0.8942603
0.8400056
0.8750236
0.860308
0.8195999
0.87647873
0.8874429
0.8960817
0.8374951
0.8882243
0.8085198
0.8732564
0.8775047
0.7963361
0.871095
0.86591214
0.8774304
0.8922988
0.8768879
0.8757503
0.79879963
0.8810634
0.8676919
0.8988029
0.7328765
0.879666
0.87348425
0.8789354
0.8953711
0.8754842
0.89513195
0.8400976
0.8142434
0.90602285
0.84795004
0.86360043
0.8433762
0.89258826
0.8882453
0.59464884
0.6597477
0.86626333
0.8943609
0.8408248
0.7231007
0.8884069
0.8688467
0.43662992
0.86793935
0.8813836
0.18480167
0.85706514
0.207023
0.8786185
0.78079206
0.780108
0.88180906
0.87338275
0.83383054
0.90383524
0.87039524
0.76424766
0.84248585
0.79817593
0.6661346
0.74122685
0.31110257
0.86758596
0.518673
0.8897658
0.8906573
0.2988747
0.86860836
0.1695335
0.1512101
0.15938544
0.18130855
0.8622798
0.7070869
0.8475429
0.43775892
0.12640372
0.875043
0.8448394
0.87996143
0.80548906
0.46954012
0.35843086
0.5286462
0.85615015
0.7727532
0.885403
0.8632845
0.20422445
0.9093643
0.5631241
0.50718385
0.7345279
0.46992558
0.8738869
0.8631141
0.8454012
0.84013957
0.8491637
0.9103024
0.8837742
0.8594629
0.8112236
0.8451536
0.9136201
0.88609564
0.80043715
0.8701299
0.8797841
0.8940067
0.8793682
0.8621352
0.8895571
0.89924055
0.80334795
0.90084565
0.86512315
0.89968336
0.4599329
0.8952071
0.80519474
0.8475804
0.7267469
0.878986
0.75023603
0.83188826
0.8689613
0.47462752
0.40418988
0.89524597
0.8560869
0.86131823
0.5207889
0.88110954
0.88214964
0.8793925
0.8615533
0.8363372
0.84704494
0.85951906
0.88400185
0.89216197
0.9069148
0.89307284
0.547847
0.8801105
0.8752475
0.88470197
0.8626842
0.8585385
0.547818
0.88488334
0.74050456
0.88098097
0.8652757
0.8699291
0.83558774
0.894649
0.8953036
0.8819672
0.7795642
0.8831282
0.5908208
0.7604182
0.87897795
0.8845282
0.8733494
0.77671224
0.6010113
0.76532394
0.88555694
0.6636206
0.87683487
0.89831316
0.8758789
0.87258637
0.8823929
0.9016703
0.8058298
0.86215264
0.8148458
0.44114175
0.5
0.48346466
0.2791557
0.86327845
0.8214727
0.87976265
0.8925165
0.87604266
0.25613457
0.87492305
0.41941655
0.3925362
0.8801787
0.9016558
0.39865336
0.38417712
0.86393833
0.25825873
0.4834187
0.7887532
0.7505336
0.84543365
0.8880004
0.86609215
0.6128308
0.9120616
0.29255447
0.86874366
0.29769015
0.8713047
0.50821185
0.8806587
0.3788655
0.3533938
0.48515671
0.8772373
0.38723385
0.8838436
0.6662047
0.802046
0.5175461
0.87615395
0.8557385
0.67319804
0.87892354
0.867971
0.66940594
0.69294786
0.8981662
0.86156934
0.88076866
0.8535327
0.8975261
0.8514362
0.7728099
0.79223716
0.88966954
0.85935223
0.79367
0.84342235
0.88995785
0.88334835
0.8370941
0.8991305
0.85828984
0.77672946
0.8585935
0.9106049
0.7342271
0.87776345
0.8743827
0.81351787
0.89384127
0.8926938
0.88742596
0.87359345
0.9063874
0.84315455
0.89333093
0.89453065
0.8924323
0.82720965
0.8816929
0.843256
0.8281076
0.8553797
0.8945258
0.8946044
0.87938744
0.87408805
0.89658153
0.85568553
0.8730744
0.8905113
0.7941945
0.8698637
0.70408124
0.7597678
0.84714043
0.8675426
0.65169734
0.85750127
0.8462122
0.8391612
0.86332864
0.89027953
0.8815822
0.757261
0.8020302
0.8573869
0.63363236
0.7439106
0.86403024
0.8604548
0.8635366
0.879669
0.891005
0.84241277
0.88447297
0.8987934
0.86699444
0.87956893
0.24147934
0.83407676
0.8887609
0.42400044
0.18603419
0.3320665
0.29528454
0.21657111
0.10215734
0.62496233
0.5631354
0.7241832
0.22096682
0.7863708
0.8902001
0.5364372
0.85999423
0.6524975
0.8568409
0.5807744
0.8706808
0.26946
0.82952243
0.32770988
0.88532215
0.30466613
0.82135725
0.7245743
0.86864847
0.7213504
0.7977727
0.46361226
0.77799535
0.85524225
0.8944583
0.87620646
0.7808229
0.8434016
0.867565
0.85812074
0.24759986
0.42991945
0.8755622
0.883985
0.68634427
0.8743303
0.7287409
0.8410463
0.8557317
0.78872025
0.8678691
0.85154897
0.8753992
0.7238482
0.9081573
0.8946501
0.87339467
0.86964923
0.78862053
0.84789425
0.87815195
0.8530855
0.9024052
0.88696253
0.820363
0.9084404
0.84878755
0.6228916
0.7744564
0.6549054
0.8536688
0.8795087
0.89835304
0.89816827
0.90324587
0.88384163
0.86625284
0.89579725
0.8726071
0.89430046
0.89056313
0.83479786
0.8839029
0.83737445
0.86196774
0.89965993
0.83476496
0.88248086
0.8598836
0.77759284
0.8327422
0.8806639
0.88106763
0.81276757
0.74717396
0.8038808
0.8835023
0.762395
0.87776244
0.86256266
0.85767686
0.8219669
0.83481526
0.75959414
0.8554981
0.6436234
0.6115568
0.91240364
0.88367754
0.7902507
0.83920044
0.7704954
0.851501
0.82147557
0.9067928
0.825166
0.8985765
0.8646556
0.86002463
0.8874948
0.8528508
0.45602483
0.52832025
0.12758169
0.41544515
0.8584134
0.19569539
0.8641473
0.38329014
0.87813056
0.17813979
0.48771024
0.11591423
0.90319455
0.55668086
0.2590017
0.22220276
0.3169124
0.83376026
0.26852375
0.74730724
0.8782184
0.8918553
0.8987854
0.76720405
0.7229534
0.90281487
0.31216598
0.63823634
0.8627234
0.3728128
0.90856177
0.24489214
0.87936425
0.2961606
0.3028471
0.6979576
0.87868804
0.33841202
0.42796373
0.30344924
0.55802226
0.8898567
0.86628336
0.7979514
0.8838314
0.902889
0.872588
0.85178226
0.61635584
0.9085156
0.5357281
0.86719036
0.68291557
0.9036754
0.8867632
0.86272854
0.73080504
0.91293925
0.8796948
0.89946294
0.88196385
0.8570013
0.89836097
0.8555228
0.8880307
0.8587465
0.8521133
0.9169585
0.85119945
0.88694584
0.8440125
0.8858908
0.8898992
0.8470526
0.9140949
0.817621
0.8763279
0.8671609
0.87641114
0.91012347
0.90651774
0.9035133
0.8930842
0.8865131
0.88328093
0.84968853
0.8710344
0.89955443
0.8764281
0.8876293
0.8428485
0.85425144
0.8745912
0.87417066
0.8687392
0.8395388
0.8106634
0.8566536
0.8894892
0.88075346
0.8686928
0.8970612
0.85618496
0.5115841
0.85060656
0.49718323
0.89105487
0.8198772
0.86294687
0.37618956
0.8052727
0.8330536
0.85026395
0.45051882
0.8893451
0.8865046
0.8662221
0.8490782
0.87697655
0.86741686
0.85914004
0.8959232
0.86482704
0.885733
0.20804246
0.40632233
0.5580476
0.53259283
0.889326
0.8196246
0.5413903
0.1677371
0.20981504
0.18749273
0.44102848
0.26773575
0.84938073
0.4166726
0.8837673
0.6015435
0.80062234
0.83296907
0.87739265
0.8548175
0.4353334
0.6731133
0.86714506
0.802658
0.26353043
0.22957903
0.88634646
0.18335858
0.70417404
0.8858852
0.8388262
0.6569284
0.19236073
0.8259595
0.8650297
0.8598113
0.73074174
0.6408047
0.8830226
0.9059412
0.687645
0.8621941
0.73576057
0.8652556
0.77236867
0.78075343
0.8254107
0.892541
0.89651144
0.9088227
0.8833265
0.89341694
0.83074737
0.8957113
0.8970948
0.8463773
0.90038633
0.88754267
0.9184838
0.8939364
0.90210843
0.9014591
0.5915991
0.86694854
0.80199665
0.8943391
0.88648903
0.7420178
0.90168333
0.89403224
0.8502835
0.7780454
0.86765677
0.84352535
0.88342
0.8161439
0.8593587
0.8622439
0.86736834
0.89098316
0.8832894
0.89289457
0.8198595
0.8871085
0.8386008
0.89940554
0.8955395
0.8802838
0.8812447
0.8914615
0.88427216
0.88032407
0.8367497
0.84445685
0.87507945
0.82485485
0.8707313
0.8703769
0.8863102
0.8295048
0.83782685
0.85420847
0.70330256
0.8369741
0.57513005
0.8538507
0.87374973
0.86810887
0.8534667
0.86183524
0.7465613
0.49686718
0.8511739
0.8189882
0.8932409
0.8878859
0.69530123
0.80963767
0.88021284
0.879361
0.88874996
0.37258232
0.5751843
0.845556
0.6283848
0.4737127
0.3262145
0.19623539
0.89294875
0.44132283
0.42179382
0.19059607
0.7288616
0.3519115
0.9002685
0.27781883
0.876151
0.8485019
0.8854392
0.29236928
0.8842136
0.79176956
0.2615319
0.8750184
0.5375952
0.8096908
0.51714987
0.8835504
0.8015049
0.39860672
0.8763619
0.88057995
0.88111115
0.6147
0.8792265
0.8272739
0.682175
0.8274658
0.8201778
0.91120046
0.90776664
0.7991489
0.34653938
0.51682305
0.86136806
0.8947188
0.81876105
0.21692704
0.79311323
0.87791073
0.9092853
0.8936901
0.86838037
0.8768359
0.70032454
0.89811397
0.89672655
0.8625312
0.89349973
0.8877183
0.6897367
0.9066415
0.9061516
0.8784191
0.8961077
0.7862087
0.89292413
0.89530325
0.886641
0.87564564
0.8810351
0.8784686
0.8403632
0.90621036
0.8915663
0.883118
0.8835679
0.876251
0.89687514
0.88796717
0.88488567
0.862185
0.86859417
0.886663
0.8012047
0.87965405
0.7956004
0.89840233
0.78796405
0.8459127
0.7886164
0.84128463
0.63481146
0.87563694
0.80503315
0.8266826
0.7696294
0.75601256
0.7948621
0.8685046
0.8314903
0.860308
0.8738216
0.825718
0.851568
0.8409311
0.777363
0.88491356
0.88223946
0.884593
0.87943625
0.86532587
0.7491187
0.89607245
0.8742129
0.89246786
0.8727254
0.8780942
0.8489362
0.86646205
0.8870006
0.87741166
0.8873848
0.43922988
0.3624959
0.87947714
0.41605073
0.3132202
0.48631525
0.36450636
0.25717652
0.846923
0.2108406
0.23642488
0.29842633
0.8560759
0.8607141
0.44508958
0.89535475
0.743416
0.8003003
0.18797216
0.32453704
0.85327554
0.8800062
0.85778177
0.4840049
0.89024293
0.8932673
0.8125343
0.8297402
0.29801378
0.19829689
0.8002486
0.22956064
0.85211277
0.824856
0.8865905
0.89192563
0.88137656
0.8873158
0.89966637
0.7828462
0.8733352
0.8814233
0.88803643
0.8760685
0.877763
0.87472636
0.8925483
0.6135259
0.839451
0.8828794
0.8769491
0.90603375
0.7887858
0.8741597
0.894157
0.8960052
0.8976589
0.8902746
0.8824887
0.87322134
0.8893395
0.8768927
0.901462
0.88976985
0.9055258
0.898582
0.87459993
0.8960596
0.89562124
0.8898884
0.8871224
0.8623607
0.8859271
0.8748264
0.8591887
0.8912272
0.8157363
0.8905636
0.58356833
0.89180183
0.88937557
0.87788534
0.8942646
0.74223304
0.8675945
0.88839394
0.8870135
0.8933863
0.8891196
0.878752
0.86170226
0.883456
0.8393629
0.8621545
0.84004974
0.8706446
0.7635028
0.74107164
0.88170254
0.8685752
0.8405024
0.7839519
0.8306846
0.82704943
0.85979366
0.89570063
0.8748285
0.88493997
0.7625807
0.81899
0.6130733
0.88902056
0.8076407
0.8898909
0.8951063
0.8789962
0.8808664
0.8779564
0.86152494
0.9050244
0.8766731
0.6857799
0.4685269
0.3395988
0.8627887
0.8547454
0.56492746
0.333118
0.5668529
0.8957282
0.70114994
0.8497025
0.8299004
0.87595385
0.7936633
0.6798829
0.86055523
0.87750745
0.86754775
0.8950118
0.90019155
0.892872
0.882717
0.8765352
0.80940956
0.87227994
0.91387177
0.8751761
0.8540679
0.8076101
0.8850336
0.889556
0.8325382
0.73503697
0.87873924
0.8948795
0.88646203
0.8930892
0.8830899
0.9108882
0.90440404
0.9043665
0.8895021
0.85007036
0.86625624
0.8994011
0.8813381
0.83986425
0.9055814
0.848133
0.8878072
0.8837623
0.89547104
0.90369785
0.88537157
0.8750427
0.8948261
0.8615686
0.8388524
0.89404243
0.8850932
0.88393235
0.8905092
0.8984485
0.85606337
0.9021321
0.88771963
0.8906809
0.88931227
0.8680511
0.84963435
0.87409943
0.80878323
0.8507842
0.896024
0.89217967
0.87101436
0.8328339
0.86977285
0.5583558
0.8650346
0.8154591
0.5675843
0.8873966
0.8598642
0.8808915
0.8569227
0.65129995
0.7988952
0.87293696
0.8835877
0.85996157
0.9051281
0.8939505
0.8760895
0.8793824
0.8911843
0.8029679
0.7079108
0.8745301
0.80880183
0.68326545
0.8232781
0.8722643
0.77022314
0.8502189
0.89044225
0.9025094
0.8595362
0.8316146
0.7914708
0.88809764
0.88079244
0.77184135
0.82004255
0.76022446
0.884833
0.86180407
0.82910687
0.8559785
0.8892664
0.8883512
0.8869077
0.862911
0.8831118
0.85994095
0.8142427
0.8683186
0.791443
0.51654035
0.8905381
0.4932028
0.86873376
0.76313215
0.17766176
0.9087102
0.888991
0.7781011
0.6591245
0.8642586
0.462309
0.82496095
0.633533
0.5362275
0.6643932
0.3926116
0.8314584
0.87541217
0.2583997
0.4145325
0.9096791
0.74854845
0.8604009
0.87209713
0.8695021
0.82595617
0.8671484
0.80134887
0.86942214
0.8335316
0.79703623
0.6984569
0.6629116
0.8597736
0.85467476
0.74872863
0.7680475
0.7851103
0.8432372
0.8677123
0.83845496
0.8696416
0.8612649
0.8574035
0.7419147
0.77755314
0.8941628
0.63744104
0.889301
0.88860714
0.87172157
0.8703409
0.89336205
0.6886585
0.8370925
0.8821681
0.8030716
0.9027102
0.83478886
0.3811562
0.7343579
0.3316971
0.9038793
0.57567054
0.8607302
0.8576244
0.8679735
0.87408
0.89253753
0.73002815
0.7104945
0.76979935
0.8620892
0.78589827
0.8605117
0.8963342
0.8830759
0.86087024
0.4472099
0.41086298
0.7806823
0.47006562
0.1733274
0.87956136
0.5210699
0.8998913
0.88289946
0.8850285
0.7003857
0.8778792
0.9104172
0.88041055
0.7729943
0.8966126
0.74364007
0.8571421
0.8766323
0.8087839
0.7712343
0.5427175
0.83865803
0.63207453
0.31601575
0.45053226
0.5329383
0.39893147
0.42167374
0.87024534
0.7994067
0.8572245
0.5
0.80380565
0.3449603
0.84312886
0.8912544
0.5170075
0.8763273
0.18036333
0.8798887
0.48948112
0.7198614
0.54672784
0.87358636
0.788569
0.7678812
0.8506301
0.8008671
0.55735457
0.84679526
0.8948803
0.34723338
0.87288934
0.5
0.9056259
0.7761964
0.873293
0.83616227
0.2690892
0.8649823
0.84971684
0.86392194
0.6631512
0.80940944
0.25085476
0.8996121
0.88002557
0.717795
0.8669137
0.30060038
0.1931809
0.26279747
0.36137852
0.81648606
0.4272682
0.12016848
0.17565447
0.5579785
0.2103031
0.28763407
0.36307967
0.18052056
0.8857791
0.49123222
0.89803505
0.31463614
0.50765914
0.83479977
0.87513715
0.8825878
0.8816548
0.09906126
0.8221014
0.85027134
0.8953852
0.86961836
0.85111773
0.8771141
0.7507853
0.39713117
0.87269884
0.20485558
0.5
0.23468539
0.20700063
0.5
0.20172514
0.18784833
0.6988371
0.57287276
0.736649
0.8022093
0.68894684
0.8851102
0.740654
0.23386988
0.88130933
0.85024613
0.83526146
0.8411403
0.5
0.45694128
0.6025634
0.8153564
0.5081735
0.88019985
0.8162284
0.41933274
0.21149537
0.7491561
0.15974827
0.27027962
0.49560833
0.13154659
0.52147686
0.1651638
0.09769465
0.13644251
0.3476582
0.8345338
0.11139732
0.8276434
0.1552483
0.37729874
0.8947086
0.88864905
0.7922004
0.6987868
0.88114905
0.87728214
0.90132576
0.7912481
0.835281
0.8686921
0.81504345
0.8887791
0.87395525
0.6237727
0.15111618
0.6068242
0.24374944
0.26324025
0.77441543
0.22403993
0.76391906
0.39050245
0.26489592
0.5
0.14087602
0.12992048
0.5
0.44952765
0.15358037
0.10775035
0.8746187
0.85966074
0.8066513
0.73798716
0.66518575
0.8931797
0.644329
0.84594893
0.8329816
0.8261683
0.8254532
0.51790303
0.79848635
0.82688516
0.79449683
0.8331678
0.8474552
0.20035583
0.28173506
0.5
0.20794764
0.15529491
0.36015636
0.8894144
0.51534206
0.3038143
0.23210491
0.36144775
0.22852404
0.17314333
0.21780783
0.82751393
0.2793488
0.22738895
0.42287368
0.8414188
0.4033575
0.5
0.8765422
0.81371105
0.7433844
0.376271
0.841041
0.8693697
0.88425946
0.6367469
0.25830796
0.264551
0.89145005
0.6691683
0.88937044
0.8223128
0.1344458
0.19780844
0.28751487
0.5
0.14796421
0.5
0.18251844
0.74749655
0.49615386
0.30128694
0.4783324
0.70085645
0.19462162
0.21524835
0.17507805
0.14315495
0.19887325
0.79231155
0.26590368
0.8470607
0.8562005
0.8811073
0.8972231
0.87678766
0.1969315
0.42548677
0.23587565
0.8843702
0.885492
0.34867582
0.84476036
0.86415267
0.86588705
0.8719287
0.82273155
0.47069523
0.14949508
0.14179905
0.5
0.23115785
0.4959371
0.1611116
0.11528531
0.77384967
0.5
0.65775836
0.21080075
0.90269876
0.17382914
0.8629395
0.8498302
0.36879805
0.37834272
0.10704777
0.41721633
0.41833764
0.30694982
0.89874804
0.57484496
0.8836498
0.8375197
0.8133225
0.83886844
0.89626044
0.9007691
0.8383473
0.70212257
0.85985315
0.13349909
0.6797975
0.5
0.5713783
0.7485574
0.7615026
0.36655498
0.7843335
0.36108688
0.31000516
0.4496523
0.47883973
0.13932759
0.48755935
0.61727244
0.4464134
0.8658073
0.37569186
0.88209856
0.86712134
0.5
0.8809599
0.18749002
0.105587214
0.07903052
0.23977888
0.8653864
0.8526795
0.8482087
0.841753
0.7750435
0.89785415
0.7686599
0.84945124
0.8952773
0.51724714
0.49094614
0.47615153
0.8703258
0.74245864
0.8877018
0.8657734
0.8579256
0.77284116
0.8465016
0.08031566
0.77882856
0.69613636
0.5287365
0.29934147
0.1342021
0.82752264
0.12686948
0.8108055
0.8464304
0.1664055
0.20964944
0.8695638
0.816412
0.85973436
0.68085206
0.8766238
0.88296694
0.5508923
0.19579087
0.3333597
0.8482529
0.86330265
0.8570454
0.87553394
0.89005065
0.85908735
0.7843493
0.82739234
0.39702615
0.85857904
0.90495014
0.78385454
0.879245
0.44841698
0.8520097
0.83707833
0.74018437
0.83075243
0.8956388
0.720403
0.8217164
0.91281945
0.88463134
0.36622643
0.078791834
0.111520745
0.16933191
0.23208193
0.25273365
0.46479997
0.8419597
0.8161569
0.47922945
0.90441304
0.8141753
0.69797647
0.8805817
0.86524487
0.28727722
0.17151788
0.17644057
0.8810717
0.8398912
0.88286865
0.7327365
0.85003424
0.8456872
0.42142954
0.8814398
0.83717674
0.87332666
0.85174376
0.8829493
0.32136443
0.8911381
0.32324946
0.8924038
0.85868824
0.8389183
0.8806328
0.33159974
0.0961418
0.30296418
0.869292
0.77830017
0.8573526
0.4165577
0.21384501
0.12378053
0.053060636
0.6208213
0.8890541
0.1530497
0.33818197
0.82524896
0.8634814
0.5
0.80141973
0.5
0.8766596
0.892293
0.73545945
0.41436166
0.42650494
0.20052548
0.08489661
0.862398
0.60216373
0.8346611
0.8687592
0.5170545
0.8588331
0.8242944
0.88556665
0.7871557
0.8778166
0.8563295
0.7989874
0.84093016
0.80613357
0.3795172
0.7279834
0.8284228
0.8781016
0.85372823
0.80983317
0.16744085
0.36741883
0.5
0.5
0.44094482
0.3421815
0.15122625
0.40147594
0.2262766
0.53784615
0.46429324
0.86485916
0.6150228
0.87297255
0.57162726
0.9080232
0.1355571
0.7173693
0.09229557
0.856043
0.35804018
0.43188903
0.54965174
0.49568093
0.89089096
0.85684353
0.4156542
0.8257259
0.42539078
0.8862765
0.89475715
0.89031106
0.81770927
0.8501027
0.8581274
0.87349313
0.8192088
0.85636646
0.84027046
0.87961197
0.874794
0.8950007
0.8979862
0.28247687
0.5
0.8639145
0.24416414
0.89803445
0.86052644
0.17579418
0.15120982
0.12336602
0.11289547
0.29343852
0.3158973
0.13177113
0.27241147
0.85986304
0.8540334
0.6025897
0.21903221
0.2268695
0.3785591
0.8918396
0.124943644
0.8836074
0.8996936
0.10344674
0.2806551
0.7967574
0.8726942
0.8638739
0.38615856
0.90010047
0.32477382
0.8472083
0.86893445
0.896029
0.7918282
0.90715057
0.88365036
0.88287765
0.35484108
0.8562149
0.8582569
0.86125296
0.79140663
0.77646834
0.14235534
0.8738556
0.8802273
0.8762433
0.7678272
0.69923073
0.5571374
0.20816539
0.88735014
0.8885297
0.8682631
0.8557355
0.22227137
0.16666637
0.7481171
0.28875074
0.17454512
0.87159485
0.23287587
0.5
0.7334606
0.13597955
0.15045989
0.88878906
0.82610685
0.19113341
0.2520741
0.18636544
0.5
0.85865986
0.39736518
0.7172553
0.8786212
0.8372942
0.85186064
0.6799204
0.39636052
0.73014385
0.8852815
0.8760965
0.8887811
0.7770467
0.8693023
0.8836758
0.7598531
0.8508825
0.8748239
0.7991936
0.47577408
0.16292252
0.8208756
0.7229479
0.86611485
0.4489996
0.8595133
0.21993549
0.8640699
0.3957608
0.09915587
0.2051518
0.8581434
0.3956324
0.24362224
0.14228779
0.5
0.27491316
0.85223556
0.33950743
0.4532293
0.44748616
0.86809325
0.74639684
0.88486046
0.5
0.8931149
0.6148582
0.20562048
0.7627943
0.848259
0.8635058
0.81039727
0.8413934
0.87206185
0.87705284
0.9066284
0.6516291
0.8603304
0.90224755
0.86760634
0.90001076
0.8788383
0.39695826
0.77915883
0.7507647
0.8523867
0.88279057
0.24578102
0.15436062
0.8736326
0.8607227
0.8348359
0.53596044
0.26546696
0.89650023
0.14627278
0.8761553
0.88881975
0.8879773
0.25797948
0.38203758
0.3584078
0.15311414
0.35379297
0.09816682
0.674471
0.88820785
0.5
0.7370842
0.9016491
0.22940944
0.8155518
0.63620216
0.8688794
0.34015837
0.5208445
0.56204915
0.13602814
0.89181274
0.8306281
0.34606543
0.85436255
0.77616334
0.84756505
0.8338498
0.89133984
0.54902923
0.5402778
0.86784816
0.89293015
0.89264506
0.88215846
0.8611654
0.8621994
0.8849065
0.85321087
0.86743104
0.8630671
0.8756328
0.87722564
0.85747343
0.44449458
0.31962076
0.4987522
0.8195177
0.13463813
0.20778628
0.13123542
0.85129076
0.13566506
0.075507425
0.10950383
0.11751696
0.34172806
0.15952201
0.14432223
0.5326357
0.52607375
0.88383996
0.13628738
0.11441236
0.4246612
0.87857354
0.5
0.28450358
0.5
0.8419004
0.3072377
0.12338484
0.66832
0.8840666
0.8238594
0.8551736
0.8555241
0.7095384
0.7339501
0.85177463
0.8242768
0.8962942
0.9001937
0.8839829
0.88564235
0.80149525
0.875008
0.87412363
0.8948723
0.85951114
0.39544374
0.83873373
0.87608707
0.8788906
0.7702367
0.8494128
0.19905718
0.8852525
0.19376506
0.80420154
0.35946667
0.8642249
0.87662923
0.1397639
0.8808838
0.2529086
0.19279155
0.22551654
0.7219
0.2239431
0.7402273
0.5
0.8565417
0.5
0.37197483
0.3207333
0.5682551
0.1896846
0.3685112
0.7225663
0.84191316
0.25598815
0.07230005
0.90500844
0.8796305
0.86451423
0.86378354
0.896407
0.87943035
0.89894485
0.77879643
0.8313989
0.8807964
0.84878033
0.8581286
0.89058053
0.85278046
0.87619513
0.25268316
0.19509248
0.07631288
0.83953
0.8563267
0.86445534
0.8746772
0.8393882
0.8989663
0.39869398
0.70839405
0.8546695
0.59400624
0.556355
0.116242155
0.657012
0.8436889
0.7936687
0.6442189
0.38896224
0.46354058
0.89342237
0.8963065
0.8860879
0.894803
0.8583354
0.24084385
0.82649595
0.88107044
0.86151546
0.67231894
0.49580333
0.26866168
0.36739057
0.2598995
0.885763
0.8101101
0.8737038
0.8855386
0.8500793
0.8514079
0.80333656
0.6582282
0.59230494
0.6168499
0.90784585
0.8897268
0.6839749
0.89235157
0.14565988
0.24306068
0.78778845
0.33055994
0.89286
0.42909387
0.20643526
0.45269674
0.8843629
0.8722323
0.43022272
0.82146317
0.48989916
0.69009763
0.72340083
0.2808296
0.67234325
0.1125176
0.24364844
0.17908794
0.4273053
0.11872228
0.87289435
0.5122918
0.7739323
0.8218849
0.6930395
0.537649
0.5313727
0.89466166
0.8188479
0.8266974
0.23634776
0.13379098
0.31257385
0.14316651
0.9006613
0.8232364
0.5
0.89684796
0.8744626
0.87393075
0.89177185
0.8750445
0.83633757
0.6559958
0.8439579
0.85582983
0.9065255
0.90090775
0.8514683
0.13038577
0.7316095
0.33883175
0.8506541
0.85490835
0.8753342
0.5653542
0.22542347
0.36307293
0.7797889
0.24287453
0.2346418
0.8868505
0.18073715
0.1600528
0.8218278
0.21945424
0.2516222
0.14562869
0.52653545
0.16580293
0.11715742
0.82128066
0.87986535
0.85237134
0.88181573
0.8845824
0.8479798
0.87324244
0.89205647
0.8877946
0.63119984
0.3944072
0.82172555
0.8784738
0.813696
0.90669703
0.8276325
0.89559144
0.84220165
0.8648735
0.6272976
0.8491182
0.8365101
0.81988287
0.8947289
0.8798285
0.87050956
0.19790581
0.16017479
0.84011436
0.5
0.88049656
0.3611155
0.6945211
0.89959556
0.86021453
0.25902084
0.86439246
0.67899686
0.25308883
0.85349935
0.29765812
0.5
0.77267957
0.7793986
0.8704111
0.19045065
0.10648884
0.3020252
0.39755538
0.5
0.88995093
0.40852565
0.835613
0.85378826
0.86337924
0.75666463
0.8738768
0.87049186
0.22478865
0.71436256
0.5759201
0.6533662
0.89991325
0.38235116
0.8795641
0.9107062
0.85488266
0.8751627
0.801288
0.6900723
0.6983735
0.8771627
0.71709925
0.8369793
0.89720523
0.7756966
0.25909358
0.13630901
0.36354843
0.8695262
0.88331866
0.84677476
0.9029243
0.5313041
0.8746574
0.89145637
0.8552392
0.8705001
0.3973656
0.10149568
0.796757
0.8404873
0.79298335
0.44431585
0.84702384
0.8858751
0.22788705
0.88117665
0.16670282
0.6867786
0.63026446
0.7980705
0.8364972
0.8905971
0.8716482
0.87601167
0.89696014
0.86063707
0.12407593
0.31371307
0.12342763
0.4636338
0.19761717
0.88914007
0.8842278
0.34530988
0.9020469
0.89356655
0.8903191
0.88152206
0.86028224
0.85621804
0.87958443
0.7623191
0.8814664
0.8807182
0.18388551
0.64885956
0.39711207
0.8913935
0.3500557
0.86535233
0.85174775
0.86187464
0.6998976
0.7046018
0.38605955
0.38920578
0.87460977
0.52566594
0.88477767
0.74472356
0.30570704
0.76088333
0.8633344
0.19049773
0.43565217
0.059604876
0.17978284
0.5
0.8479447
0.855851
0.74599165
0.87404925
0.89082247
0.70799404
0.82020277
0.3319798
0.12293905
0.47853556
0.86632144
0.78798926
0.8789241
0.8826833
0.548034
0.8051808
0.89128226
0.8825645
0.8565699
0.85423255
0.861404
0.7567545
0.88121057
0.85191244
0.9013263
0.90626615
0.36926305
0.1699893
0.48851976
0.26018357
0.6722464
0.7658377
0.27336478
0.82480365
0.8662568
0.5867798
0.82135564
0.37172058
0.7975001
0.8651064
0.30038634
0.86200416
0.7723947
0.14695792
0.88672245
0.8661694
0.103234984
0.45536745
0.11696667
0.88421875
0.8461919
0.8129908
0.53029734
0.3508526
0.8711501
0.3296651
0.8639314
0.85277885
0.23718055
0.6699045
0.7851622
0.88752437
0.6036161
0.8649626
0.81274205
0.67663014
0.88779867
0.8775079
0.8308905
0.8009053
0.8964724
0.8346534
0.8768601
0.9015496
0.9034174
0.9067498
0.30514306
0.3390382
0.2738584
0.39409024
0.70673287
0.89487994
0.8665365
0.8800769
0.8016962
0.85410136
0.7809531
0.82478654
0.11990219
0.67992973
0.8884385
0.830053
0.79890174
0.14929669
0.16661407
0.8326982
0.881563
0.8592764
0.87059957
0.107930176
0.84592545
0.8024052
0.84205693
0.82016104
0.17982444
0.28114134
0.7200973
0.7090173
0.6667269
0.36429986
0.19557746
0.8213513
0.818189
0.89056796
0.4407132
0.7311519
0.8873659
0.8889567
0.67919725
0.40023297
0.57641494
0.8746215
0.88862467
0.86990166
0.90176386
0.86845154
0.8843776
0.8955785
0.29779413
0.6852666
0.3145029
0.87906235
0.85568076
0.87686986
0.80039966
0.87505406
0.86875993
0.86907536
0.5
0.22038166
0.8083634
0.07758027
0.22066507
0.8724972
0.8708389
0.61986387
0.8067972
0.8769552
0.8369654
0.06601917
0.874439
0.86293274
0.8546361
0.33548808
0.3391124
0.41371793
0.65762264
0.39176995
0.7136458
0.832072
0.87504977
0.9000019
0.27558407
0.7995176
0.85130787
0.31097883
0.88631946
0.8903557
0.82212204
0.70812386
0.78403264
0.86476856
0.8870527
0.87514174
0.8536296
0.8972332
0.8335733
0.46660128
0.9063621
0.89868087
0.86114925
0.8225749
0.79595506
0.7967949
0.87218535
0.42360702
0.53993607
0.85652053
0.8815645
0.8801674
0.44037798
0.207939
0.8689611
0.90171766
0.115080595
0.86109114
0.3664232
0.5
0.86008424
0.8709368
0.7704734
0.41179693
0.83177805
0.31809047
0.5123099
0.60596555
0.3329776
0.86295635
0.6462312
0.88779104
0.4532421
0.899943
0.6049799
0.88028306
0.79578894
0.8661549
0.8634817
0.8725979
0.90068036
0.6008495
0.88689023
0.8582303
0.87735087
0.89763844
0.883992
0.8806989
0.31199473
0.5650749
0.48545083
0.3408405
0.8325475
0.89808846
0.1462216
0.865499
0.8875735
0.8791633
0.42603853
0.8856474
0.68602693
0.8080544
0.8782623
0.23775868
0.32898745
0.84924394
0.15122958
0.4334978
0.3899691
0.8235655
0.42651692
0.6346292
0.5
0.83455884
0.24864332
0.8487583
0.4475251
0.8924685
0.5919037
0.9005793
0.8851006
0.8800593
0.3703974
0.90401304
0.15053293
0.79762405
0.88269526
0.70547587
0.88689446
0.81445825
0.881051
0.84208566
0.89640343
0.8554085
0.88070893
0.8889356
0.8905784
0.8877842
0.28509453
0.38901344
0.815502
0.79970944
0.85001445
0.8928557
0.3790804
0.8607208
0.8644702
0.8637751
0.8099208
0.7185353
0.9055426
0.8642122
0.79912174
0.45086333
0.18856964
0.12701479
0.2535843
0.88124394
0.17844321
0.44414
0.24622501
0.86551476
0.8442964
0.8666067
0.9085568
0.8626634
0.8048245
0.8836638
0.8910487
0.8840156
0.6763221
0.8786099
0.9027251
0.9087539
0.09410071
0.16985889
0.8543463
0.8748439
0.9193111
0.8891105
0.85585606
0.80606633
0.8982885
0.8939625
0.90268946
0.84532124
0.78059894
0.8759876
0.87900865
0.18876608
0.5
0.87533695
0.90167266
0.8920265
0.8498149
0.87739354
0.8852007
0.8832189
0.8593176
0.78435135
0.6555614
0.75605386
0.7567229
0.8425709
0.42077228
0.87132
0.87305653
0.77047914
0.5099501
0.13737144
0.8898297
0.8641165
0.8928704
0.4862533
0.6663389
0.86329114
0.8331533
0.90763825
0.8730193
0.8869985
0.88919467
0.8792852
0.12325744
0.36780658
0.8198872
0.15784037
0.3591942
0.88934547
0.88194674
0.9052581
0.87925637
0.87699664
0.87301946
0.827753
0.8388149
0.879856
0.8922814
0.8758454
0.8844019
0.8987104
0.84301907
0.7368629
0.8699343
0.7070839
0.8985487
0.66531837
0.86893064
0.8611277
0.89685243
0.8756887
0.8832928
0.40455785
0.7090222
0.72869235
0.38782877
0.76160467
0.7368439
0.6897866
0.8466716
0.5233139
0.8351251
0.31648478
0.36403924
0.59092796
0.7968676
0.902146
0.8742153
0.46436536
0.8962792
0.89917916
0.8319379
0.88447195
0.82974374
0.6039278
0.84609663
0.8033589
0.8478541
0.9021412
0.8820923
0.8651774
0.89957607
0.8937591
0.88129026
0.8500264
0.8637828
0.8752017
0.88277704
0.8941842
0.88563305
0.8868113
0.89609575
0.3637229
0.3983286
0.7771951
0.7892058
0.48961335
0.8872329
0.15829796
0.8818179
0.80414003
0.7519268
0.8677219
0.89222133
0.8810949
0.79960173
0.64456666
0.23345557
0.109012626
0.5316407
0.8835054
0.81537926
0.0819379
0.16262883
0.26534376
0.55647475
0.85172474
0.861736
0.86808884
0.88299567
0.87651604
0.8611399
0.89002645
0.8823961
0.86481255
0.11282164
0.886427
0.13752466
0.89834285
0.8286193
0.8679145
0.8892279
0.90447515
0.8907262
0.89973944
0.84707975
0.88574076
0.8876721
0.8694004
0.90470815
0.8758806
0.87530655
0.88183224
0.76345295
0.5126935
0.19416201
0.886516
0.8811299
0.43282127
0.8485884
0.830932
0.8661853
0.87127215
0.87837446
0.7763266
0.8714517
0.87404233
0.31774136
0.71283454
0.57880473
0.17027043
0.47739482
0.15038499
0.88094383
0.12880112
0.11828139
0.73272014
0.76017797
0.8720025
0.8842356
0.8895411
0.8968792
0.8950342
0.8823946
0.87214905
0.35001376
0.80394953
0.78040737
0.87112075
0.8632064
0.8519867
0.88294864
0.85858667
0.8851593
0.8994987
0.888068
0.86347824
0.901002
0.8916484
0.85150737
0.87564313
0.8963587
0.85617185
0.7009959
0.2424303
0.89513624
0.9001319
0.89105195
0.79784644
0.88153976
0.79752254
0.8793096
0.8728496
0.430593
0.692132
0.8858481
0.82765526
0.6525645
0.16811562
0.3449332
0.09117653
0.8284696
0.47047165
0.8554062
0.32135922
0.19865294
0.8658378
0.8642422
0.86579204
0.87177205
0.83358204
0.833282
0.72540414
0.89078265
0.865461
0.81396866
0.8977685
0.7636881
0.9096616
0.3622157
0.8613899
0.8978845
0.8858558
0.8806268
0.8852372
0.8817083
0.8846546
0.8997445
0.8894379
0.83590585
0.8350937
0.88702035
0.8897112
0.45027944
0.5963312
0.87611324
0.85992366
0.9048323
0.8896999
0.8623663
0.8868384
0.75120115
0.8478004
0.8895289
0.8401541
0.868179
0.8613172
0.87221825
0.41645122
0.51112497
0.7024621
0.85470986
0.850884
0.83092433
0.89166343
0.08415565
0.8972286
0.8838773
0.85074437
0.8858533
0.9170719
0.87935615
0.41761816
0.87342745
0.9111557
0.18519986
0.89023465
0.81559783
0.85291374
0.8752219
0.9188377
0.9021427
0.88196796
0.8986862
0.87480396
0.87534904
0.8880889
0.9018307
0.90242726
0.89667827
0.8548085
0.89244205
0.8759561
0.8104077
0.8561899
0.8663766
0.7437908
0.80518436
0.8957837
0.88265896
0.8456139
0.86013645
0.84314895
0.76076967
0.31712887
0.86696744
0.20682445
0.89122224
0.67411965
0.88913846
0.27545384
0.7707103
0.8754374
0.834509
0.23797566
0.11539676
0.87292874
0.88744235
0.8898452
0.8984618
0.60304624
0.79685736
0.5
0.8644494
0.87249243
0.6504738
0.91829145
0.7670558
0.8549819
0.87556136
0.89444274
0.88882184
0.6623253
0.884649
0.90251124
0.89257926
0.89630663
0.8951497
0.8449703
0.9010676
0.883657
0.88132024
0.90590274
0.745372
0.88156635
0.86084694
0.8953668
0.87080866
0.85190713
0.3779118
0.8361114
0.8655592
0.8557654
0.16898865
0.7480516
0.76035345
0.8617318
0.8663218
0.7847765
0.8632127
0.8187085
0.8961038
0.73075694
0.26989856
0.87104714
0.87796813
0.82707345
0.9037581
0.85153675
0.9034141
0.88700736
0.8770925
0.7675383
0.8767268
0.89025116
0.7876679
0.86537045
0.73187196
0.741769
0.87843466
0.8337623
0.87052476
0.8966119
0.8240318
0.8808622
0.8930232
0.8801268
0.7365643
0.8733649
0.8862456
0.88387746
0.855102
0.8966107
0.2420099
0.33322743
0.8880183
0.90892494
0.9026296
0.25106516
0.88030994
0.8794744
0.31167623
0.16182569
0.85144955
0.8904619
0.8717662
0.7752385
0.8963354
0.8684912
0.25853112
0.5
0.1602335
0.5
0.8600668
0.530367
0.90583235
0.87117773
0.888208
0.09415402
0.37371373
0.14319028
0.4255003
0.2307253
0.8627654
0.8926675
0.853193
0.871148
0.85200214
0.8741153
0.8851972
0.8800819
0.90519726
0.8629267
0.882241
0.8222145
0.90720135
0.80818176
0.79029393
0.8990569
0.8482931
0.9001806
0.8828994
0.89851683
0.48240468
0.6434221
0.8585715
0.86548406
0.89822406
0.8816484
0.89108604
0.87615895
0.8682261
0.7420039
0.8824326
0.44979358
0.8928582
0.88210326
0.48756704
0.8588455
0.67348087
0.81579256
0.5
0.3396808
0.89163965
0.8644283
0.89092875
0.8826492
0.14742883
0.8695838
0.32563734
0.5
0.87836355
0.21046603
0.8805941
0.8813503
0.8922803
0.7977574
0.49997002
0.8725178
0.9044626
0.875267
0.90854037
0.8648355
0.8603367
0.88624656
0.89992756
0.88628894
0.7841771
0.89225334
0.8568368
0.8215181
0.8910581
0.88320166
0.85301256
0.87833494
0.90834135
0.80077636
0.7773268
0.6691759
0.89775014
0.86897826
0.8076338
0.8700665
0.84530413
0.7542006
0.8188178
0.79034275
0.86031747
0.7913742
0.5
0.81316364
0.9009206
0.1781489
0.4604767
0.7874986
0.8765152
0.8783944
0.8583103
0.7086122
0.6124507
0.3267884
0.8467632
0.2973587
0.81301963
0.85506696
0.897065
0.8232575
0.40762755
0.40817717
0.91394323
0.8765857
0.8364993
0.9050668
0.87919843
0.8758816
0.8951358
0.90037775
0.87289435
0.8962328
0.8653921
0.8932738
0.9076093
0.5870517
0.49241883
0.8643453
0.88651264
0.8713024
0.82696
0.8868863
0.8998205
0.8727688
0.890395
0.3174508
0.877939
0.77622914
0.8706778
0.88574237
0.89366317
0.87386566
0.5
0.89079875
0.38744605
0.52220845
0.8239822
0.3167214
0.62052304
0.85530114
0.89947265
0.9105235
0.89301187
0.411562
0.89232165
0.8398296
0.8673948
0.89062005
0.8874426
0.91097265
0.89048326
0.8518806
0.89538294
0.8280236
0.86233723
0.8816629
0.8839208
0.86166936
0.8945857
0.864205
0.8975082
0.8925011
0.89263964
0.8835759
0.9004199
0.8953074
0.24954328
0.88872576
0.841004
0.7573651
0.8639766
0.6262739
0.89524496
0.8866918
0.4414381
0.81131977
0.60561574
0.53518516
0.4457279
0.7978403
0.8732738
0.32473823
0.8430878
0.13123207
0.87888193
0.100995086
0.11637287
0.82885754
0.90355915
0.9135728
0.85118526
0.8694078
0.9052127
0.856764
0.8789588
0.9037302
0.89474475
0.8738797
0.84768975
0.8873356
0.6916397
0.87189835
0.8951358
0.8596346
0.8716585
0.85359836
0.8671404
0.8884629
0.89982706
0.8846542
0.8765413
0.8468108
0.8646732
0.8837617
0.89532226
0.8945832
0.47347242
0.8138332
0.8932508
0.89509726
0.89592993
0.74004674
0.9021808
0.86817205
0.68828267
0.31857193
0.24157637
0.88637275
0.8572609
0.8508548
0.8951837
0.8172858
0.89129466
0.8898337
0.89813566
0.23067269
0.2192858
0.8992668
0.87129825
0.89098173
0.79959625
0.9002193
0.8575144
0.90562993
0.3932049
0.76748013
0.87448853
0.8729673
0.8633634
0.8723046
0.44914427
0.80885977
0.879498
0.88656163
0.90878654
0.87721944
0.880588
0.89847475
0.8941971
0.87931657
0.8725513
0.89276373
0.86894435
0.89768505
0.89590865
0.74604875
0.9058902
0.806222
0.73964447
0.8572911
0.8759335
0.86523813
0.8942893
0.7619548
0.8845058
0.8866258
0.67206824
0.84251726
0.84980965
0.86392117
0.16526999
0.35610348
0.8971561
0.5566423
0.8942543
0.3149643
0.25863627
0.098702885
0.8919418
0.89965487
0.79667556
0.88127416
0.89470124
0.88324696
0.90430063
0.87428147
0.71077406
0.82138765
0.8545725
0.89715564
0.8964269
0.8909767
0.92177147
0.8803647
0.89968693
0.9114898
0.85506654
0.880494
0.8437203
0.88871014
0.827274
0.80293983
0.7854188
0.89292574
0.88848084
0.87739694
0.889907
0.8806236
0.8485074
0.8910272
0.88571805
0.9002097
0.9103598
0.80807215
0.84556246
0.8708161
0.8917285
0.6642368
0.89190173
0.46895462
0.8757864
0.7967733
0.0855539
0.86233777
0.6809449
0.9002595
0.8528689
0.305984
0.3480335
0.88342637
0.091444485
0.8256875
0.87398183
0.8717876
0.88779277
0.89408934
0.76079077
0.8898081
0.873415
0.7520867
0.90021986
0.90676636
0.44894272
0.73470646
0.86448574
0.8218401
0.87972105
0.8993863
0.87762517
0.8722695
0.808797
0.8440261
0.86788714
0.86119133
0.8713192
0.8871193
0.7758916
0.89430666
0.8525869
0.84324974
0.8711527
0.8594783
0.8846069
0.90591913
0.8789146
0.88253033
0.86215377
0.87915504
0.8561591
0.742938
0.53652424
0.85068893
0.86489296
0.85939133
0.8310363
0.8115334
0.6751208
0.8028256
0.8811385
0.4284566
0.30567434
0.8655529
0.80294114
0.8851038
0.8784213
0.8728326
0.9049023
0.8665674
0.44511184
0.9091233
0.88777393
0.90185
0.8783662
0.7574231
0.87349
0.867923
0.88497704
0.84574395
0.87776136
0.90261406
0.8705925
0.8457788
0.88831246
0.85403806
0.9131382
0.9064824
0.7013642
0.8292652
0.88074434
0.89199746
0.83839446
0.79510957
0.8210833
0.90412176
0.82980084
0.8873531
0.8922811
0.86577517
0.85432875
0.890769
0.8866276
0.89773643
0.8264533
0.8753549
0.8872041
0.8653609
0.85280675
0.836677
0.48331624
0.86082476
0.82749784
0.70571625
0.84072316
0.3876162
0.8923577
0.5196055
0.87822855
0.90106696
0.40832642
0.831492
0.8941366
0.87508625
0.88145554
0.798784
0.65681
0.8832278
0.7735069
0.4251438
0.81127673
0.85947496
0.87883
0.9192676
0.7856203
0.78990495
0.87831396
0.72399765
0.9060375
0.8051724
0.83460915
0.85350055
0.8759072
0.880139
0.87447184
0.9106912
0.8430494
0.82335293
0.897186
0.8878922
0.8903256
0.8744639
0.5334087
0.8530756
0.8907933
0.85942566
0.8581395
0.89063406
0.8475584
0.78814524
0.28685668
0.7487434
0.83653766
0.87193316
0.31222376
0.8812521
0.6805727
0.87731636
0.3218308
0.29761732
0.49774042
0.34281585
0.8655266
0.87408113
0.85144544
0.89668113
0.43956915
0.84901726
0.908675
0.8818592
0.90523
0.88594985
0.89459527
0.901565
0.84740365
0.906052
0.88934106
0.90101033
0.8522756
0.90104556
0.8944844
0.8142724
0.90574473
0.90499043
0.8841667
0.838924
0.8678844
0.8552682
0.76156765
0.86259156
0.8774158
0.87241364
0.8941443
0.6587981
0.8836611
0.78727466
0.85138106
0.9029542
0.82401407
0.86364347
0.821675
0.40132543
0.8670127
0.8472051
0.8970403
0.8965938
0.79551804
0.87592494
0.80810654
0.87245196
0.8268097
0.7170215
0.8670797
0.8653697
0.8908732
0.8424279
0.8865187
0.9043626
0.9024911
0.86292416
0.82014835
0.87235856
0.9021233
0.8040722
0.7626883
0.8795287
0.7858341
0.80263513
0.86138225
0.868356
0.8564425
0.89163345
0.82915497
0.8925729
0.8800592
0.8454669
0.75286597
0.89343894
0.8787445
0.86592567
0.87460136
0.9027002
0.8788277
0.89141166
0.85161334
0.8633023
0.6929092
0.2478706
0.5260726
0.8709645
0.8530844
0.2770925
0.5818728
0.8843837
0.84284407
0.8589426
0.83711743
0.63416827
0.8422487
0.2854938
0.8900734
0.8656773
0.8656873
0.87327236
0.8803808
0.88081783
0.7956227
0.89602715
0.70389026
0.8994357
0.8638944
0.8646537
0.8827183
0.88983554
0.9122548
0.81168264
0.87399405
0.88564557
0.8619594
0.8772095
0.89291304
0.8832147
0.8917569
0.8932158
0.89788073
0.87681514
0.89739704
0.85083157
0.8659214
0.6231467
0.16594946
0.89119244
0.8798317
0.8697966
0.8869949
0.88100886
0.88150054
0.87608004
0.84723717
0.61826134
0.609489
0.3292171
0.44485754
0.8691031
0.87328815
0.8962952
0.29903418
0.84594697
0.8070486
0.64015126
0.4376893
0.8277177
0.91321534
0.7859051
0.8702201
0.8853289
0.8480112
0.62682027
0.8624358
0.8407969
0.87124354
0.88264817
0.89003956
0.8858132
0.746879
0.90544397
0.39374438
0.9055101
0.80380416
0.7416836
0.8996845
0.8583693
0.7955792
0.8933073
0.80104214
0.8919687
0.601585
0.82136315
0.8779105
0.8921112
0.37604135
0.8755415
0.8583937
0.77236027
0.874237
0.77288955
0.8752806
0.87056696
0.31048924
0.42347768
0.3301141
0.90753585
0.37666866
0.88340265
0.87079257
0.8712945
0.8430699
0.29976517
0.86036116
0.88722557
0.32755324
0.82704157
0.87039316
0.8867205
0.8933012
0.8725004
0.886445
0.64127815
0.8651172
0.8000026
0.7796897
0.8819566
0.8849413
0.87163925
0.8449677
0.88624054
0.8771792
0.89037025
0.8855754
0.8505541
0.76223826
0.8342097
0.8592793
0.8441499
0.86261106
0.8866277
0.8647085
0.77185386
0.81737226
0.56177264
0.8539539
0.8665136
0.8830639
0.777302
0.83423406
0.87830377
0.8500234
0.8254067
0.9014131
0.65990907
0.1153336
0.5315012
0.8749641
0.13637298
0.88019675
0.8618297
0.8801373
0.86535215
0.87419087
0.8780231
0.8631967
0.852036
0.87018347
0.88494456
0.8855436
0.8723679
0.8453774
0.84907365
0.8774468
0.5173188
0.87747884
0.9187056
0.8690262
0.8890945
0.90101236
0.8310372
0.8872116
0.8904389
0.63544863
0.8527895
0.8779843
0.77063006
0.8803163
0.6246823
0.8819188
0.8958017
0.82712
0.729187
0.8858658
0.82476264
0.7200105
0.88613194
0.87060803
0.7131992
0.8659117
0.6956727
0.8842218
0.8895706
0.88771385
0.8699699
0.38845068
0.88160634
0.23439504
0.91185576
0.5706192
0.7100834
0.8275067
0.87154883
0.88037294
0.6437776
0.89458287
0.8832055
0.8848685
0.88699764
0.8697311
0.8966354
0.8297526
0.89853376
0.8803605
0.8683817
0.8967858
0.8851469
0.89403623
0.8807534
0.8878024
0.87269485
0.45514214
0.8909168
0.90674806
0.87196493
0.9119807
0.89214945
0.548541
0.41522324
0.8595679
0.8748225
0.87094563
0.7342551
0.87434834
0.58015126
0.8152499
0.5468192
0.8703096
0.8865808
0.8907311
0.40915376
0.6181724
0.8107448
0.865947
0.8533532
0.69698256
0.37673268
0.53365904
0.7593183
0.86757666
0.8369713
0.8908063
0.8801291
0.87560415
0.8389869
0.6513632
0.8871963
0.8905773
0.89372736
0.8800926
0.8993824
0.9125242
0.86094886
0.89345264
0.8777602
0.90607595
0.89253765
0.89129466
0.8872575
0.8371241
0.83138245
0.86284184
0.8674448
0.8964626
0.7695906
0.5545475
0.87546
0.82261515
0.87494475
0.85220563
0.88253444
0.7357128
0.903062
0.91247123
0.8720361
0.89884794
0.86552423
0.46438846
0.8779955
0.4575744
0.6325449
0.8037729
0.8919511
0.86034524
0.879523
0.8886253
0.897766
0.8807549
0.4376837
0.3443809
0.82621807
0.83991146
0.8889976
0.8739492
0.88124084
0.61359316
0.8731416
0.88099915
0.88631403
0.8870869
0.90323985
0.8773816
0.8762777
0.8937049
0.8925253
0.8506232
0.9070701
0.8737544
0.8926682
0.7694419
0.76982236
0.81059676
0.89244044
0.8830374
0.9040213
0.8471316
0.87662035
0.63163507
0.86915046
0.8831433
0.87537605
0.8432505
0.8418667
0.8103937
0.8680694
0.471636
0.885052
0.7792162
0.87764156
0.27376908
0.24333706
0.74701405
0.8821951
0.7663383
0.87152016
0.7991248
0.45253196
0.6725981
0.81530374
0.7977655
0.63165545
0.9012765
0.87511444
0.8991176
0.9052257
0.7556071
0.13131979
0.8483853
0.89760494
0.88222927
0.87547904
0.5221615
0.85370886
0.85138893
0.89445037
0.8763705
0.920353
0.8647936
0.88663554
0.8806518
0.8957519
0.89647126
0.81381184
0.84756625
0.86837584
0.7779806
0.89720064
0.8809611
0.8867349
0.89391184
0.8859964
0.89753205
0.27519074
0.8073867
0.88921595
0.7731504
0.5852668
0.8749327
0.87008846
0.86305225
0.8862103
0.74297404
0.8031942
0.5756829
0.84500927
0.8641601
0.32347172
0.3619646
0.87422514
0.32693383
0.5
0.8580268
0.8639786
0.90093285
0.8899191
0.79607755
0.90099835
0.9072009
0.88374907
0.905047
0.8404446
0.6573989
0.8768216
0.8160548
0.8947306
0.86478025
0.8786821
0.8842834
0.88879246
0.9048781
0.8321733
0.77373797
0.8449387
0.8736765
0.8851596
0.8925176
0.83082265
0.878829
0.89962023
0.86975753
0.85769284
0.7931034
0.8393908
0.8852538
0.89840263
0.4207746
0.73020005
0.8962348
0.87547326
0.87637115
0.8749949
0.87510055
0.8163916
0.89176416
0.87994266
0.7303635
0.5298447
0.88829327
0.880175
0.60590243
0.8964782
0.8898452
0.87498945
0.8832609
0.8764038
0.88842374
0.43607387
0.48582333
0.8905207
0.7551665
0.8286675
0.86557764
0.6316483
0.79584146
0.9072157
0.82183856
0.7978493
0.77873266
0.86059177
0.8315783
0.8923288
0.8198963
0.1526059
0.89591837
0.88688004
0.887852
0.8713454
0.7864306
0.8756565
0.8465371
0.8811733
0.8523246
0.8889652
0.37788516
0.86372834
0.89055926
0.87824094
0.4939828
0.82132816
0.8791518
0.6369655
0.8877189
0.77944654
0.8672723
0.8528239
0.8853389
0.66587585
0.14256817
0.63629663
0.8447606
0.9009393
0.8625699
0.8680115
0.85067403
0.9012557
0.36859068
0.5818763
0.8716693
0.8315802
0.88179225
0.9101262
0.883712
0.87228966
0.7693063
0.8897457
0.8960853
0.89082104
0.87856406
0.677604
0.7031852
0.8734089
0.87685484
0.8050801
0.8339247
0.8574304
0.8542082
0.85556024
0.73369807
0.6125103
0.89149094
0.87111163
0.8850101
0.88293165
0.85004705
0.7499456
0.80013734
0.8803187
0.8816997
0.8821643
0.9031958
0.88628757
0.8847356
0.8772848
0.70879155
0.86755645
0.8819908
0.8423369
0.7921375
0.8297879
0.87734866
0.6767043
0.88467085
0.8970365
0.30721962
0.8894848
0.8663182
0.82050097
0.6011552
0.8583659
0.75345504
0.29448038
0.8716783
0.86316806
0.87353706
0.55172855
0.8323722
0.8759
0.8799495
0.90838045
0.5919743
0.8918468
0.69159645
0.7500023
0.8414072
0.83701295
0.8646212
0.6100712
0.8093023
0.8975153
0.78665227
0.8679142
0.90169513
0.82271105
0.88037854
0.8809989
0.8798354
0.6101053
0.8638608
0.88111985
0.89755046
0.45049572
0.34973153
0.82196015
0.34343052
0.87544924
0.87628454
0.44054133
0.83869934
0.7739904
0.84122187
0.16425359
0.862945
0.75795007
0.62323284
0.22265312
0.6566861
0.8884724
0.7669007
0.7230473
0.525463
0.82998866
0.8317338
0.85782564
0.83441585
0.85055363
0.81306124
0.768452
0.88958764
0.8112943
0.87530273
0.75026196
0.82436305
0.80349815
0.8820361
0.36970338
0.8405629
0.8358096
0.2784789
0.6485065
0.7905087
0.8335612
0.8737762
0.89427197
0.8836477
0.8747765
0.34239784
0.8957755
0.67263174
0.85586244
0.8946938
0.8743036
0.85503227
0.7000506
0.8586297
0.8610752
0.8684384
0.59703106
0.81070715
0.58525515
0.4052285
0.16957624
0.80665106
0.8943995
0.8036414
0.19418713
0.8910504
0.42218986
0.87861186
0.5220351
0.43308645
0.46864623
0.8487799
0.8922785
0.82003886
0.8541842
0.8915786
0.88322866
0.77216357
0.8892296
0.47279507
0.20797773
0.84318143
0.88184726
0.8631629
0.84863925
0.7844938
0.7803568
0.8322956
0.6726478
0.8684612
0.70068043
0.8954069
0.8769781
0.8910621
0.880406
0.8239028
0.80314547
0.8791951
0.61018264
0.55002016
0.8765434
0.8938942
0.8916355
0.6365567
0.721312
0.89630604
0.76181316
0.39231858
0.8613328
0.8440685
0.2621364
0.22795354
0.86592484
0.8844823
0.5140305
0.8489698
0.884335
0.5917255
0.8255249
0.89465785
0.8736689
0.88503075
0.8816263
0.88426256
0.8929907
0.88883597
0.8984301
0.9065034
0.88219434
0.8326169
0.87300533
0.5499957
0.81972146
0.88573766
0.89348197
0.8212205
0.41098902
0.8323077
0.8839311
0.7042873
0.8719752
0.8858631
0.8951195
0.8826663
0.8758219
0.89831525
0.8995577
0.14276932
0.9020664
0.8639184
0.78583294
0.7939357
0.8474133
0.7919501
0.7856644
0.8236986
0.8684029
0.4393756
0.63882416
0.87252057
0.3168334
0.38963944
0.31905437
0.8378395
0.887191
0.8669617
0.89774364
0.7894122
0.43664205
0.86623836
0.8365681
0.8630223
0.88759583
0.8005567
0.8449959
0.8503434
0.8589319
0.87915874
0.8979713
0.8368513
0.66472447
0.8483722
0.8797519
0.68471444
0.6144129
0.8881296
0.8161108
0.7195982
0.83254486
0.7446764
0.61022735
0.8116101
0.84255344
0.88718176
0.8974901
0.8930345
0.77189386
0.85947347
0.43400484
0.6073705
0.8832399
0.85866094
0.822732
0.7308011
0.86871207
0.8660089
0.8816546
0.47361425
0.499025
0.2124585
0.33627456
0.8425542
0.480553
0.79236776
0.80924034
0.87521553
0.8999907
0.8502027
0.8204829
0.9051232
0.8193515
0.87290967
0.89577836
0.8731177
0.85527915
0.8669766
0.6381603
0.78498936
0.86153024
0.8377606
0.90398747
0.590982
0.7026204
0.8519347
0.6459825
0.8783802
0.6101965
0.8468757
0.7367414
0.80904764
0.83817315
0.8724235
0.812186
0.47706193
0.89659727
0.8176128
0.7605914
0.7221525
0.89257735
0.8803506
0.5858737
0.80003756
0.83333
0.7588262
0.88169384
0.8537806
0.89184487
0.23976694
0.88806653
0.85396886
0.7437427
0.14404823
0.8704084
0.68758667
0.5748694
0.8769891
0.83224034
0.7671448
0.91024137
0.90193975
0.8600369
0.8876239
0.8839092
0.85641086
0.8732739
0.8371796
0.8483997
0.87551075
0.89071995
0.77635676
0.79766554
0.42174602
0.5289524
0.46723825
0.9161391
0.32284194
0.8883525
0.43998122
0.89850277
0.85614884
0.8255846
0.9169906
0.24913448
0.79160774
0.88807094
0.9142584
0.8347299
0.09112645
0.8774813
0.32026505
0.86907893
0.38738742
0.45592615
0.89060146
0.81545323
0.8818768
0.6587185
0.35610312
0.83849496
0.87079954
0.5428828
0.5
0.8141556
0.7889072
0.7502579
0.8769416
0.8742848
0.87934005
0.8994769
0.92063046
0.813954
0.8939223
0.8877692
0.82966447
0.84318906
0.72678417
0.9014844
0.75464
0.737584
0.9149394
0.83524746
0.3450948
0.8960643
0.83096975
0.8788427
0.88467836
0.7450697
0.8485093
0.88125926
0.8363414
0.61339015
0.8950112
0.87799513
0.8694609
0.7050472
0.86021864
0.87147725
0.9073613
0.88398373
0.48885778
0.47419506
0.6844828
0.3892489
0.8357091
0.890787
0.777688
0.88342315
0.8567242
0.4853002
0.67356944
0.42126462
0.44374076
0.4484905
0.8592791
0.73653245
0.87075067
0.84644306
0.8814502
0.81704825
0.88676906
0.86492014
0.8868294
0.87604797
0.88062745
0.8980174
0.48376524
0.8888746
0.8723497
0.89274865
0.47961602
0.77263075
0.5142223
0.82317406
0.80321133
0.82555103
0.2807533
0.8990643
0.17663133
0.8710215
0.64516824
0.67924035
0.87077796
0.87140995
0.8339214
0.7730417
0.12977786
0.17752525
0.8676458
0.82273245
0.86421186
0.8860714
0.6032876
0.31103954
0.39942443
0.8404481
0.7390139
0.63791966
0.39367142
0.8838028
0.8543448
0.89067835
0.32853937
0.89261687
0.9084798
0.90992
0.8818603
0.8811309
0.88947964
0.645805
0.80421925
0.8329088
0.79043996
0.87717146
0.8177151
0.8869152
0.8450739
0.84865505
0.5585225
0.88586444
0.8338402
0.73889977
0.5332233
0.8035533
0.4658764
0.8789611
0.26913407
0.91934896
0.85950005
0.8468482
0.24114233
0.7658254
0.87734693
0.8744767
0.42067868
0.9045704
0.8753988
0.20285724
0.8559107
0.25061616
0.4552712
0.15536657
0.42130485
0.8677802
0.6891868
0.85952234
0.73436147
0.87425065
0.66784406
0.28541762
0.9012228
0.48703834
0.8251691
0.88473606
0.8667906
0.5619172
0.8799401
0.87810975
0.77725744
0.8749824
0.8232927
0.6919241
0.90243304
0.8547574
0.8593932
0.8442094
0.72432935
0.8775428
0.8431344
0.8830528
0.86502707
0.6779948
0.8483079
0.8874218
0.20982109
0.54125065
0.6249315
0.6415167
0.758462
0.68259686
0.8537768
0.8707981
0.89255273
0.8605486
0.8930826
0.8805464
0.88803035
0.14373289
0.3712298
0.8897127
0.81544966
0.81530666
0.77430344
0.83760095
0.8719675
0.6350368
0.4124535
0.8359584
0.27395868
0.39696822
0.8737888
0.86541504
0.8776303
0.85099006
0.36640778
0.18108714
0.8687578
0.87609255
0.9120009
0.1659091
0.88268477
0.43743113
0.7799835
0.8743145
0.85353875
0.8938453
0.8622129
0.7567591
0.8904928
0.47831985
0.7917077
0.83177835
0.37816787
0.37488237
0.62416613
0.81184363
0.21252294
0.88411754
0.6002535
0.80913347
0.89163965
0.7762918
0.84080505
0.77458483
0.89935976
0.8647005
0.1668669
0.8920331
0.7941877
0.87848854
0.8807398
0.46869138
0.88466185
0.8629288
0.6624938
0.79360044
0.8718744
0.8531306
0.5927075
0.3311473
0.60706145
0.391231
0.83000505
0.901105
0.23190309
0.89007896
0.5864028
0.89943016
0.35497418
0.7533016
0.47807512
0.25261524
0.63398194
0.5399291
0.8865357
0.8849255
0.89293915
0.4816476
0.65239894
0.849006
0.8371324
0.41901115
0.22840597
0.7468189
0.7292742
0.4115718
0.8075576
0.41961822
0.8327969
0.36412713
0.36481348
0.7327064
0.8648682
0.8583969
0.87808263
0.8885915
0.8258017
0.87550175
0.86099076
0.8952866
0.90118474
0.7820679
0.8582492
0.3921853
0.6196339
0.8552505
0.8631275
0.8417901
0.76530796
0.8231049
0.38214546
0.79486096
0.8456598
0.8924087
0.8689274
0.80907214
0.8576018
0.456784
0.14957197
0.892528
0.24584036
0.4355166
0.44622284
0.89046615
0.7587681
0.8752979
0.5016313
0.61623114
0.8376025
0.89327693
0.8372391
0.8471481
0.28880343
0.61807394
0.36798996
0.7140769
0.6485089
0.8214902
0.87314576
0.82731545
0.7721035
0.20880921
0.8928346
0.8483032
0.8882912
0.8583886
0.89390993
0.8719303
0.8871223
0.86858886
0.8719654
0.88253
0.28103587
0.8583748
0.8903616
0.41213524
0.8724838
0.8824113
0.63409525
0.53106123
0.43143272
0.8474382
0.27601838
0.34468272
0.42120203
0.89785665
0.7849754
0.8956961
0.34483802
0.35175556
0.71775776
0.49860352
0.19294755
0.3108155
0.8953803
0.8080588
0.26382098
0.60534173
0.8762798
0.90183777
0.5489321
0.16477036
0.40258616
0.24111916
0.43412155
0.619691
0.8329465
0.4593189
0.3011892
0.37031212
0.46867332
0.8870954
0.56862164
0.8725104
0.87303287
0.90263194
0.7524425
0.861783
0.89161366
0.867516
0.88427097
0.86702764
0.81234777
0.8514939
0.8845743
0.5372805
0.76200414
0.24932244
0.85748386
0.8594255
0.8051258
0.6408937
0.860919
0.5914833
0.4070416
0.23703946
0.85411894
0.3510102
0.8768825
0.87526107
0.88993317
0.38744769
0.09526933
0.57343656
0.4861456
0.10575314
0.83839095
0.89187485
0.6471066
0.21630587
0.84162074
0.8557849
0.5
0.8282249
0.3046741
0.65303963
0.22709595
0.24133575
0.5
0.6132114
0.82513064
0.8718439
0.89748687
0.8984982
0.8092389
0.8117777
0.88622004
0.8935887
0.8780322
0.89227897
0.9046223
0.8934874
0.5763088
0.7639655
0.7244754
0.8113447
0.5618729
0.5296049
0.8846074
0.37278572
0.4335762
0.2089384
0.25128192
0.1974734
0.21255633
0.3307476
0.891332
0.49355137
0.48939428
0.723145
0.8864569
0.5
0.5158614
0.17095387
0.8474343
0.3051594
0.88717794
0.8347745
0.67339164
0.44961357
0.795728
0.8579049
0.8739317
0.7001174
0.47162107
0.37584105
0.83752096
0.8927077
0.23760489
0.873784
0.47075126
0.8944807
0.86948943
0.5422389
0.5
0.8553382
0.874159
0.8898083
0.84399915
0.8877729
0.89595985
0.8823615
0.6888371
0.099044636
0.8615332
0.90063035
0.85189867
0.7780636
0.28640926
0.6126545
0.6966849
0.26469544
0.8604343
0.85012436
0.84498024
0.4947486
0.8444289
0.31435782
0.7726164
0.8610513
0.36126342
0.8099413
0.90694594
0.91293764
0.8428914
0.8987114
0.84591633
0.88003224
0.8287261
0.8507571
0.5524842
0.84194756
0.8795885
0.39088142
0.20707554
0.15281269
0.30135185
0.8866373
0.80848414
0.8349822
0.8000889
0.81189823
0.4327622
0.09824856
0.7765565
0.36142468
0.87148565
0.369032
0.8889243
0.8294473
0.8906353
0.8828412
0.7581543
0.7549849
0.8705054
0.83622026
0.8211547
0.5
0.8826155
0.7912362
0.82091874
0.64474386
0.842102
0.3368452
0.09149976
0.88830906
0.862307
0.8936118
0.8920437
0.88779217
0.43054384
0.890454
0.8992875
0.27264485
0.8379602
0.82446265
0.85631925
0.34164304
0.86291826
0.84443086
0.877943
0.7062933
0.88712794
0.8373046
0.21291706
0.32775214
0.71028775
0.7116464
0.8765623
0.8697516
0.8513717
0.5427195
0.872237
0.47366503
0.25351378
0.89563864
0.8671649
0.8250589
0.8600097
0.8257449
0.8944714
0.8303765
0.8500357
0.687673
0.5638117
0.81878823
0.8556899
0.7212896
0.4771367
0.85311264
0.87566006
0.55037713
0.11566575
0.8794413
0.31276858
0.078480095
0.69168365
0.88839984
0.42863846
0.42802778
0.23181117
0.76708466
0.39094356
0.18109712
0.88088685
0.2857599
0.8345503
0.5555849
0.8165952
0.38445598
0.89452875
0.8516087
0.25104156
0.45191604
0.9076799
0.8999455
0.901107
0.7095595
0.8710542
0.8979337
0.8843662
0.8880633
0.19009177
0.18362474
0.23430829
0.8999477
0.827126
0.8716534
0.87659764
0.89027053
0.88344175
0.16113426
0.8179718
0.84877294
0.8699493
0.83927786
0.4062553
0.8217103
0.47086328
0.8337345
0.37163207
0.87986016
0.81043744
0.7923094
0.12950695
0.4811417
0.29397228
0.4135977
0.35476956
0.86318314
0.8842366
0.48207456
0.20130286
0.8899029
0.3134933
0.86003536
0.8972211
0.8861032
0.8897247
0.8740346
0.56623596
0.8242989
0.8653428
0.89096373
0.85955846
0.81348485
0.6682971
0.8840499
0.86632055
0.89353687
0.18420106
0.8353833
0.218803
0.31574166
0.107028276
0.87850136
0.7730349
0.7942846
0.7435302
0.84878695
0.8481932
0.89405215
0.7586163
0.5407775
0.11961859
0.8194594
0.6181879
0.33753172
0.1642287
0.86346656
0.83073586
0.16883771
0.38277546
0.8170169
0.2254358
0.4246068
0.612114
0.29909527
0.77467626
0.3841387
0.8035017
0.2862168
0.147683
0.248641
0.8329431
0.53264475
0.8970828
0.9013021
0.8305481
0.7993036
0.46718562
0.82658756
0.8747305
0.8460618
0.87227505
0.79356426
0.88349
0.8960086
0.48219842
0.90859777
0.77101856
0.68502337
0.146074
0.38811362
0.9035485
0.57389826
0.7723742
0.86458254
0.88946456
0.90426046
0.8711047
0.7274374
0.8901856
0.29021302
0.4427866
0.6500722
0.81415033
0.25302827
0.69791657
0.26078022
0.22779733
0.23256046
0.76252663
0.52515805
0.85288244
0.39258984
0.08359114
0.78519034
0.8856374
0.89759696
0.89254147
0.8757142
0.20500636
0.24406268
0.6193838
0.24538445
0.8146095
0.8619433
0.19919692
0.60667825
0.8936576
0.8747393
0.85443443
0.8842745
0.87165064
0.87220955
0.8750834
0.8423037
0.62456816
0.8416745
0.74918956
0.12379739
0.8181813
0.53708315
0.17806074
0.75897735
0.84732515
0.87477994
0.84066033
0.81330633
0.117069155
0.08894162
0.8370091
0.2962883
0.7489119
0.86687833
0.7521759
0.8511846
0.20252942
0.69788915
0.31288892
0.84559155
0.90154755
0.33028212
0.78548473
0.58599937
0.5121764
0.8524803
0.22909686
0.87655705
0.80511737
0.8850359
0.24769107
0.48727477
0.3414963
0.9082634
0.8589236
0.7532399
0.8436374
0.8902642
0.87435246
0.87237734
0.8863223
0.8767707
0.7341454
0.17678183
0.8901105
0.8982696
0.46225125
0.30723503
0.72882843
0.45765212
0.12479393
0.8385357
0.8544235
0.86482507
0.87750673
0.8837592
0.851891
0.5105271
0.85177594
0.8324383
0.26139835
0.41297564
0.37165034
0.7656207
0.7954042
0.6420658
0.3124968
0.5059862
0.8787328
0.12347037
0.35733226
0.89155763
0.4544188
0.42310378
0.46438453
0.24074419
0.8883797
0.51316077
0.20562543
0.117964014
0.32374468
0.8906716
0.16478291
0.8812972
0.89150393
0.88312125
0.88895416
0.88879037
0.8710659
0.85435694
0.8882481
0.8794152
0.58377904
0.78243655
0.19065993
0.1803448
0.6307787
0.74461305
0.3639297
0.14902173
0.7698557
0.86459494
0.87184614
0.9039481
0.84714735
0.40210837
0.7516256
0.8568839
0.8099405
0.6597984
0.87337345
0.5551891
0.45981318
0.81441647
0.7525892
0.4596122
0.7946999
0.421561
0.84907275
0.32356936
0.8355048
0.16071934
0.21778396
0.68563586
0.8727285
0.9016962
0.13025127
0.123834774
0.8834879
0.89403653
0.8402423
0.8912892
0.8907681
0.8814263
0.8820894
0.8123275
0.87526864
0.37849152
0.77538806
0.20801836
0.32954505
0.66654813
0.16181582
0.1502781
0.15285292
0.9043706
0.19345142
0.76490253
0.66154575
0.8886822
0.48055443
0.8730365
0.8616444
0.8350757
0.88527805
0.291635
0.8921925
0.8790458
0.6095651
0.3591733
0.20759682
0.8461544
0.82881
0.35442027
0.14244798
0.1824142
0.20144238
0.15278132
0.8768395
0.87840986
0.8930515
0.70716476
0.76636004
0.09439833
0.14092106
0.07540818
0.8582199
0.9069248
0.90494084
0.89691067
0.89608556
0.87598246
0.87741256
0.90718025
0.8856537
0.9019266
0.8657811
0.48361242
0.72203374
0.19730075
0.3089997
0.4338665
0.07893694
0.32810515
0.121587746
0.21598454
0.7786487
0.8295465
0.64499456
0.9077913
0.23694625
0.87982196
0.5875795
0.13191481
0.42003664
0.8009641
0.8562158
0.42825785
0.8648153
0.4931267
0.31056437
0.3707904
0.14598575
0.8627928
0.12094991
0.765376
0.8371809
0.84896994
0.87577176
0.85292804
0.78991216
0.10999153
0.76895446
0.8696131
0.89221936
0.900121
0.8859366
0.87117004
0.1852657
0.88416356
0.8693586
0.8183771
0.64770705
0.2338158
0.1974155
0.87496036
0.17271635
0.105618455
0.71063435
0.8999254
0.18748704
0.2128204
0.6428428
0.8708161
0.8656362
0.8269962
0.8911735
0.89258635
0.5
0.58749175
0.6037818
0.86522055
0.39389578
0.17524038
0.39549664
0.7493241
0.8455901
0.89038557
0.4338169
0.18804783
0.8561528
0.12699538
0.70281696
0.2828312
0.1614275
0.87822926
0.8743578
0.87940985
0.86819404
0.88186437
0.8910745
0.86647624
0.8094298
0.3349362
0.8679929
0.8709795
0.86164564
0.87296164
0.87694484
0.12784785
0.16184041
0.3467345
0.56279457
0.18062529
0.47087497
0.1400904
0.21578781
0.086528815
0.88260555
0.82130903
0.872584
0.4625229
0.8086123
0.8722586
0.82380015
0.21658115
0.7104131
0.31215394
0.32090846
0.3003274
0.36103925
0.7447496
0.23389474
0.86344016
0.2999802
0.8191641
0.24421836
0.6380717
0.5278584
0.8601876
0.874638
0.8639604
0.7779118
0.8698528
0.6283301
0.8768698
0.85914195
0.88426405
0.72344786
0.86344135
0.88406837
0.8265622
0.8952005
0.8915971
0.2517125
0.8425148
0.31641686
0.20654793
0.13629486
0.21799996
0.16114148
0.1186317
0.14994846
0.74140173
0.8406711
0.719687
0.7782198
0.89794964
0.26307762
0.24251176
0.8554563
0.69427025
0.320001
0.20490088
0.14876169
0.75149345
0.8837593
0.85669726
0.86809766
0.71734047
0.7969076
0.39102829
0.875811
0.8734208
0.85207736
0.8954376
0.4897386
0.78469545
0.7055361
0.9025789
0.28331894
0.8817977
0.8739355
0.88447595
0.8683149
0.8575941
0.88062376
0.848321
0.23351447
0.08505826
0.5
0.13694184
0.12451064
0.3530794
0.15311569
0.09820166
0.8425984
0.8764176
0.8547999
0.8612569
0.8640773
0.8560404
0.1098086
0.25622714
0.8801265
0.14600733
0.28723252
0.3008855
0.5
0.5946307
0.3026647
0.47960213
0.41777268
0.8776632
0.43569323
0.8683286
0.13158347
0.88117963
0.8584679
0.8222622
0.78136444
0.76099676
0.88910323
0.8336424
0.88063884
0.870574
0.8702417
0.7721449
0.13072595
0.17321588
0.23908797
0.100342266
0.103585415
0.2334925
0.32269907
0.17868088
0.37819588
0.14966574
0.88823014
0.8893858
0.5
0.85486144
0.66816586
0.5267134
0.86753356
0.43166316
0.6884124
0.45233667
0.16508518
0.79276484
0.8901651
0.6385947
0.5036128
0.8917104
0.8181636
0.8557626
0.8882308
0.77539885
0.28346205
0.7983683
0.24905655
0.3826378
0.8786953
0.8845147
0.8108964
0.88638675
0.8206598
0.88908684
0.37296176
0.74043286
0.15739687
0.1767144
0.29993197
0.10666639
0.34909868
0.060111955
0.105124004
0.09780863
0.13302407
0.8850941
0.7776352
0.8571962
0.83215845
0.8046559
0.47921845
0.8872851
0.67743456
0.8951005
0.3214948
0.12884273
0.41989928
0.15954357
0.77994204
0.7112675
0.86674774
0.6705464
0.81738865
0.862242
0.8558287
0.8456306
0.4170181
0.24406312
0.40247178
0.90341204
0.577849
0.87464774
0.88124406
0.43195277
0.6053921
0.68179923
0.5895229
0.9000181
0.16676462
0.07425533
0.18430486
0.49056485
0.3966227
0.46648794
0.17564021
0.8640006
0.8820916
0.8707495
0.8672576
0.8813656
0.8809926
0.812517
0.58930427
0.29181555
0.16961895
0.75333685
0.86770844
0.18368322
0.55650914
0.83803064
0.8581805
0.8352818
0.8727959
0.87872326
0.8415829
0.89113665
0.7981852
0.8451438
0.8825477
0.68385714
0.8698774
0.84271395
0.35988092
0.08110667
0.10403551
0.6489572
0.37479803
0.1258742
0.1717618
0.3784063
0.15366249
0.12414459
0.14147902
0.14063948
0.7258159
0.1432672
0.75055325
0.7438529
0.88187647
0.87185925
0.48058474
0.44612917
0.11791196
0.17264299
0.8449759
0.8759217
0.75980693
0.29138637
0.83498245
0.86942077
0.61280936
0.41781205
0.4095638
0.24236855
0.828427
0.8900298
0.8549704
0.890957
0.7275744
0.87634915
0.15619633
0.20851447
0.13970853
0.51838464
0.15893278
0.16276044
0.15717249
0.1150489
0.09126101
0.14946233
0.10114869
0.117198035
0.88928974
0.37981492
0.8368499
0.6602078
0.830179
0.48044357
0.81663835
0.42725813
0.5
0.2149381
0.21089384
0.7527308
0.33043215
0.21156809
0.84310573
0.1800822
0.8825143
0.8942009
0.8857361
0.8666665
0.76165646
0.28646064
0.1765047
0.5381909
0.09462426
0.1033153
0.15464698
0.89019173
0.12524223
0.3614162
0.25331846
0.07872604
0.095597975
0.07898913
0.17758138
0.059511997
0.8856809
0.8760736
0.76163137
0.8706588
0.881974
0.8861711
0.15206128
0.1619122
0.4508483
0.86265117
0.5
0.8367571
0.6646165
0.7450582
0.8816531
0.5172555
0.8206115
0.82605433
0.68328756
0.856016
0.20982806
0.21057393
0.3523626
0.8521769
0.09775594
0.31080672
0.12946999
0.09617876
0.20191225
0.13292104
0.10968119
0.08108041
0.07916681
0.11308473
0.087953866
0.8780514
0.8350129
0.87786
0.879539
0.8742024
0.5
0.1485506
0.42077982
0.85581756
0.29609206
0.77659136
0.83587754
0.20021856
0.8925364
0.7346189
0.87794083
0.37127987
0.87274706
0.84783393
0.37271452
0.16758348
0.72056454
0.2030021
0.13789873
0.3276013
0.3112672
0.1769078
0.09603239
0.16400765
0.24433225
0.2511894
0.070747346
0.112913586
0.06060603
0.8977766
0.28558338
0.8841817
0.83338845
0.5
0.09663627
0.8827981
0.8012451
0.288775
0.5
0.84657156
0.8552567
0.89398783
0.83780515
0.8637192
0.8133643
0.5002965
0.32518438
0.1746346
0.16845839
0.1272021
0.12145105
0.18505634
0.07476128
0.17640977
0.1890655
0.15699334
0.123538256
0.17611627
0.12727545
0.08941503
0.0863371
0.46628088
0.5
0.89436007
0.79488516
0.49528313
0.30337247
0.15223739
0.8858119
0.87093145
0.88095003
0.9074212
0.80384994
0.8542167
0.8232938
0.61590874
0.8780672
0.76079565
0.2256273
0.24950539
0.09863441
0.13196602
0.16970432
0.13583045
0.1307342
0.12152974
0.11568555
0.14414483
0.098314196
0.20726196
0.11030661
0.060230877
0.8679386
0.8573591
0.8748035
0.7930117
0.21714516
0.6363147
0.81431323
0.6937795
0.84461296
0.831013
0.8636725
0.8950664
0.86352694
0.6380697
0.8650856
0.48404577
0.10268966
0.11967685
0.18341988
0.10343504
0.12380354
0.16585615
0.082141854
0.27412093
0.1308354
0.11754046
0.11569937
0.07578126
0.20896938
0.8561185
0.83847
0.85634494
0.88436353
0.8596256
0.7886433
0.8429018
0.86122775
0.83694303
0.8823168
0.88846844
0.8781557
0.87731254
0.15409908
0.5652698
0.1777388
0.0853797
0.143666
0.08166588
0.08430952
0.06801776
0.08451616
0.19750768
0.08218608
0.1012194
0.11462741
0.15045768
0.85456115
0.88366055
0.42738444
0.5350064
0.87307113
0.8723583
0.87050134
0.7893137
0.8955002
0.8829017
0.21968308
0.2816553
0.3532451
0.11333055
0.107016854
0.18265967
0.13910474
0.16684602
0.08466448
0.09148139
0.095861234
0.30614048
0.16888563
0.24029343
0.072891496
0.10235022
0.7523374
0.8815625
0.8482237
0.8816596
0.86185944
0.6761367
0.7456385
0.43215188
0.6538691
0.83346415
0.18175
0.21126865
0.18261145
0.13012975
0.08248559
0.08532385
0.071301
0.068705894
0.059034098
0.10484253
0.11789802
0.14453205
0.32434222
0.8800015
0.85070086
0.8842684
0.87284493
0.83028215
0.5682631
0.4593358
0.86805713
0.26297843
0.3361726
0.25827864
0.2197528
0.09944503
0.08040549
0.13240367
0.054523267
0.20829502
0.08910573
0.116428606
0.089824066
0.14775161
0.8890739
0.88399243
0.87851614
0.8940757
0.85567445
0.84570074
0.36815798
0.3821827
0.16840117
0.13956173
0.11664899
0.10440255
0.084399246
0.23179862
0.12299827
0.14963533
0.11905751
0.10823333
0.890343
0.8966111
0.65308654
0.88014394
0.85966945
0.36807948
0.22596611
0.14557123
0.091185026
0.12305425
0.17818029
0.15408196
0.2058371
0.19380218
0.87819964
0.76169235
0.34163246
0.88718677
0.87082756
0.34676096
0.3671611
0.24338838
