0.28099322
0.06005956
0.066539034
0.048149645
0.19944523
0.3675571
0.64423054
0.107094556
0.89135444
0.15614128
0.21927686
0.2425408
0.18927868
0.11179813
0.1113031
0.19482735
0.7134609
0.8073396
0.88794726
0.48258516
0.8875586
0.88783616
0.8758765
0.17597857
0.05685365
0.124177136
0.08060427
0.08281762
0.67493296
0.8906597
0.11757365
0.88443804
0.8603009
0.82003796
0.90133446
0.8553588
0.8586191
0.8806001
0.8999201
0.9143713
0.89230067
0.89846987
0.22427002
0.45575687
0.1918447
0.07653872
0.29299477
0.11988175
0.897388
0.8867915
0.8863979
0.88842535
0.9107418
0.8505123
0.8849759
0.8686723
0.87543446
0.8878605
0.83716863
0.8514391
0.76012737
0.8953486
0.8609479
0.52957195
0.27401647
0.12437079
0.13291888
0.18553025
0.25094545
0.649259
0.55007505
0.8694169
0.8613321
0.88475174
0.8894133
0.8596619
0.8848605
0.87936485
0.8925502
0.8875197
0.79251575
0.86905813
0.84751993
0.8898565
0.8916843
0.903427
0.1698882
0.12283646
0.18234271
0.11907094
0.3000197
0.839074
0.89566344
0.114938974
0.8770152
0.8962631
0.86956066
0.7566312
0.116072774
0.32782847
0.8985092
0.84237754
0.26791954
0.8771952
0.9030325
0.88285875
0.84932166
0.88342553
0.8990976
0.8788728
0.5476292
0.1690012
0.15386361
0.1167343
0.14243585
0.3132498
0.5
0.37872797
0.91226524
0.9019902
0.9229535
0.9076872
0.7476555
0.8919118
0.8779731
0.8737641
0.8635367
0.90378255
0.6184813
0.90035796
0.8937105
0.067320876
0.8762222
0.8900327
0.9042298
0.88606626
0.273946
0.43339145
0.14026543
0.30342272
0.3509678
0.25208727
0.7722917
0.89889765
0.89879286
0.88649213
0.37599075
0.5276306
0.879638
0.8645677
0.40421924
0.51168543
0.9165216
0.8965168
0.82933885
0.4028985
0.91602993
0.89670616
0.87329865
0.70988613
0.8970644
0.825749
0.09943785
0.8596906
0.20812303
0.20086694
0.07304684
0.11400727
0.21720329
0.32818776
0.89715046
0.90692115
0.8996325
0.8786423
0.80678
0.89559877
0.3337742
0.6244352
0.8529617
0.8832812
0.53212154
0.87480414
0.9006282
0.895309
0.8114293
0.73064566
0.8716367
0.7908207
0.8899613
0.8845231
0.8706013
0.8590828
0.76733977
0.3369824
0.14859493
0.09523145
0.22273698
0.75558764
0.8747353
0.79672164
0.8881818
0.873785
0.8572178
0.15440857
0.9015765
0.88849646
0.8956603
0.89811695
0.906664
0.8394325
0.4331606
0.89823043
0.89843583
0.8836518
0.8651561
0.9076778
0.2079489
0.9125312
0.2358951
0.903551
0.8445052
0.14643113
0.15471216
0.26575622
0.114347845
0.14249647
0.2084642
0.90669453
0.86890817
0.8214923
0.90986806
0.9167402
0.51359546
0.86463654
0.8855297
0.8180743
0.88449955
0.9232773
0.89238954
0.7661441
0.43008748
0.8862425
0.8751812
0.45163527
0.8140124
0.8638099
0.51951313
0.9199849
0.8899165
0.91310024
0.89149386
0.871339
0.21305548
0.16764243
0.2912437
0.113291964
0.21023038
0.8645605
0.8715427
0.84794825
0.9028986
0.8931906
0.65033674
0.875052
0.8986807
0.380834
0.90338975
0.8669991
0.8794164
0.88015455
0.89160126
0.87878054
0.28934798
0.888527
0.8986701
0.89654756
0.8464973
0.91023695
0.88424635
0.8480639
0.8846909
0.839085
0.8913411
0.2654991
0.19664338
0.17989047
0.13212395
0.3971674
0.43466642
0.35660303
0.8015139
0.861298
0.84033674
0.91279215
0.8917295
0.62403196
0.882566
0.8802755
0.89219457
0.80943054
0.9038246
0.8830502
0.8798303
0.8847516
0.6751186
0.57924604
0.90268
0.91324764
0.864558
0.86939013
0.8862087
0.8975852
0.8596291
0.8908938
0.8231269
0.41266203
0.5
0.21643797
0.120720536
0.27630356
0.7269465
0.7158616
0.85775924
0.5159616
0.7359067
0.9000273
0.80554277
0.47800443
0.39035252
0.88018626
0.8303238
0.7713607
0.22592884
0.5080181
0.7763955
0.8913771
0.8926375
0.8786041
0.9068523
0.89281505
0.3724753
0.89515305
0.8907109
0.893192
0.8916942
0.8928189
0.8968978
0.27661383
0.11048174
0.14188536
0.17099828
0.11252593
0.8877948
0.8851909
0.89626044
0.87802
0.9097776
0.9005152
0.87496895
0.8645805
0.80593413
0.8486069
0.9024684
0.5541446
0.91481435
0.88680184
0.8909943
0.83208615
0.80657303
0.9125956
0.8947611
0.8833235
0.8982088
0.8965331
0.89789826
0.8913106
0.6736895
0.7444185
0.8757368
0.55872244
0.18821494
0.11798218
0.1466836
0.35424387
0.20822494
0.78252155
0.8987543
0.35757723
0.12114675
0.8972397
0.9055973
0.85962665
0.8138695
0.8829028
0.8905802
0.87957346
0.888774
0.903457
0.44420153
0.86351615
0.90557146
0.90588975
0.8906752
0.8771472
0.87264234
0.88437927
0.8881064
0.8961064
0.89769125
0.8971031
0.45465872
0.85458845
0.8088099
0.18102176
0.34181595
0.09301774
0.83426183
0.2985578
0.86560345
0.63783646
0.8072842
0.8845327
0.35032946
0.90113264
0.89103943
0.9043171
0.90834206
0.8996829
0.8705598
0.88517624
0.87591225
0.88519853
0.8593878
0.8998539
0.8533479
0.89238954
0.90981936
0.90205973
0.8997891
0.8793756
0.90857613
0.89483374
0.74741375
0.5519431
0.8600313
0.19493936
0.14901564
0.21011251
0.08143274
0.42348823
0.077410944
0.8736276
0.11060531
0.409008
0.890362
0.8823319
0.3101016
0.61875474
0.88420755
0.7078748
0.8895972
0.88894975
0.89455813
0.8681356
0.7505978
0.49962565
0.85542053
0.8794124
0.88121575
0.8808064
0.9019433
0.8964509
0.8751622
0.89888644
0.49012646
0.8948592
0.8973458
0.8899483
0.26788065
0.16819802
0.42113617
0.57318413
0.11211444
0.40267715
0.64820343
0.78775585
0.8528229
0.8838431
0.5448044
0.84991395
0.90194124
0.791368
0.8622506
0.8824566
0.89683914
0.8595125
0.381221
0.85357916
0.8984648
0.8903019
0.84464645
0.87819844
0.88076496
0.89247036
0.88682276
0.85964555
0.8848386
0.890167
0.88260406
0.8523582
0.8575804
0.63990587
0.43361264
0.8733763
0.12685625
0.8515522
0.89864147
0.8954329
0.6266252
0.7737766
0.89687145
0.5506483
0.19969013
0.23437268
0.902208
0.88552606
0.9084616
0.6424388
0.8948495
0.90509367
0.88964486
0.90737516
0.778678
0.8628856
0.8644912
0.57020277
0.4857953
0.8785471
0.612876
0.8908018
0.9011537
0.8748921
0.8694628
0.88800925
0.86561865
0.46652195
0.15770574
0.8950221
0.8316615
0.85928375
0.72889084
0.8204113
0.60543495
0.32021168
0.6685181
0.70991373
0.7979062
0.8164008
0.8701903
0.8127689
0.9019393
0.87020797
0.86759204
0.8937706
0.8701409
0.87186337
0.87291217
0.86600274
0.25547534
0.8727789
0.76048297
0.84941876
0.3019167
0.8512737
0.5980027
0.8626835
0.8827087
0.89167154
0.8341987
0.8888237
0.6379422
0.84080356
0.86909145
0.33292484
0.8698783
0.88144344
0.18030629
0.72339606
0.87535733
0.82241434
0.8586428
0.9041549
0.9057596
0.87243843
0.89543873
0.86887264
0.9025858
0.9064553
0.5073588
0.8620962
0.8695385
0.85173124
0.8728514
0.7124611
0.80992085
0.79815704
0.18670851
0.30761918
0.7776472
0.9048406
0.89348745
0.7238824
0.89528537
0.8313235
0.90395594
0.69238895
0.87338144
0.8948074
0.84730506
0.8706582
0.797713
0.8517309
0.8900712
0.8853216
0.88775206
0.89822406
0.8947657
0.8825558
0.8419115
0.885849
0.8802377
0.81605196
0.88384414
0.86692184
0.87488925
0.8653548
0.89371866
0.55829436
0.897518
0.38688305
0.3072528
0.89851725
0.6914308
0.75967634
0.8154328
0.8080461
0.41977942
0.86106694
0.7384473
0.62650543
0.86291766
0.8831103
0.86109203
0.9132917
0.8946755
0.8891461
0.90482694
0.8885667
0.88821274
0.8691788
0.87855875
0.8897454
0.7455015
0.88259524
0.8878745
0.8886672
0.8843304
0.8677583
0.8629717
0.90078974
0.8899037
0.9097045
0.8063114
0.87279654
0.87456685
0.77220875
0.8427055
0.86044973
0.9008289
0.8244959
0.88196766
0.87173027
0.8819823
0.7616416
0.895286
0.9018384
0.88816637
0.89855677
0.8770957
0.83974797
0.8720723
0.8612708
0.7423954
0.87995505
0.8822575
0.70509195
0.8716098
0.83645546
0.6869129
0.9027919
0.8899888
0.8699524
0.89633524
0.86909395
0.8732256
0.7852193
0.88459104
0.54786927
0.90405226
0.90321505
0.79074836
0.88540167
0.86847484
0.8800997
0.8882044
0.9150886
0.88797593
0.89602005
0.8770901
0.8418695
0.8259632
0.8517953
0.7794422
0.1491974
0.5579314
0.86960787
0.8720857
0.724781
0.8147704
0.78392094
0.8880786
0.8179075
0.82796633
0.88058746
0.5343897
0.8171959
0.72758687
0.5633442
0.89810914
0.7041362
0.88755023
0.8398535
0.79058766
0.7656483
0.89634436
0.82461846
0.86601764
0.878527
0.9015783
0.90060157
0.8898736
0.8993125
0.87749064
0.8806296
0.8623285
0.8691453
0.8913214
0.8896211
0.8305643
0.5348193
0.8977509
0.77329654
0.87110394
0.8907704
0.8653159
0.9051453
0.8796421
0.85295814
0.89532804
0.8801637
0.8940948
0.90631425
0.4110647
0.80582064
0.8719167
0.9153403
0.8734679
0.9070999
0.8947108
0.86818415
0.89758694
0.8431318
0.8841852
0.85289395
0.87594837
0.8889662
0.8712821
0.82879066
0.8949807
0.87017953
0.865203
0.90840256
0.8782833
0.8973705
0.5804003
0.8877046
0.8904413
0.7649124
0.8909732
0.8601298
0.85848564
0.87892437
0.88767815
0.9009649
0.8547031
0.89767444
0.89095956
0.89316696
0.89337337
0.85720253
0.8804583
0.8871069
0.8918716
0.89589834
0.8084277
0.8767024
0.90205973
0.8996536
0.8533427
0.8875588
0.89437234
0.9038862
0.879655
0.86852205
0.85988647
0.8965457
0.90746003
0.8929482
0.88693357
0.897993
0.88745236
0.8964365
0.85842377
0.84525234
0.8805508
0.8939456
0.90790623
0.8623527
0.8950712
0.9023734
0.88757217
0.8740858
0.89118874
0.8658573
0.8800329
0.87091583
0.89644235
0.88785315
0.89209706
0.8770111
0.89819515
0.8870286
0.8180062
0.866828
0.8890059
0.87719023
0.89524466
0.8898722
0.8708914
0.8669947
0.86784583
0.8918295
0.9004757
0.827167
0.8909517
0.8704745
0.90213907
0.89794225
0.8906857
0.8842688
0.89431334
0.83875084
0.9079783
0.8948165
0.8757907
0.88074803
0.87746507
0.8997866
0.9022095
0.87112635
0.8948276
0.90982646
0.8936539
0.89759946
0.8988742
0.87432903
0.88297457
0.88940895
0.9121055
0.8505808
0.8866796
0.8851428
0.87309813
0.9069506
0.894961
0.89683175
0.8734003
0.89057094
0.88744843
0.90007555
0.8768884
0.9040608
0.8941045
0.8888365
0.90195936
0.8999355
0.8773279
0.89915067
0.90623945
0.8908434
0.8787799
0.89247537
0.8652134
0.8767137
0.7862154
0.8527182
0.8797696
0.9023683
0.91282344
0.88515896
0.8441828
0.9004096
0.8662584
0.8955871
0.8936727
0.8974835
0.90427303
0.90127057
0.88416564
0.88446933
0.8944089
0.89214504
0.81790674
0.894604
0.8883271
0.8814756
0.89192975
0.8971472
0.88312626
0.89664316
0.91369605
0.90150386
0.88672626
0.8824176
0.90092885
0.8816502
0.89726156
0.859653
0.87066025
0.8913057
0.82423913
0.88077635
0.900844
0.85437393
0.8954854
0.889102
0.91614085
0.90669245
0.8943506
0.8842003
0.8997316
0.8916836
0.8972181
0.8668059
0.88875556
0.8675348
0.8996274
0.9048058
0.8954158
0.8991793
0.9027506
0.8930737
0.9018259
0.8942421
0.8840093
0.90318143
0.89217865
0.81442624
0.8940555
0.87221426
0.9038312
0.8965075
0.8516027
0.88168263
0.90364605
0.8710333
0.8904253
0.84496295
0.8937165
0.8710408
0.880541
0.8517029
0.88144594
0.903014
0.86971235
0.8797128
0.90232986
0.90556496
0.89884377
0.8849037
0.8876343
0.8978374
0.8980777
0.8957059
0.8879105
0.89969695
0.89868975
0.89483523
0.8896917
0.8748763
0.8630669
0.8985809
0.91636544
0.87079376
0.8940846
0.8999559
0.8911504
0.88052493
0.89071435
0.8018866
0.8999422
0.84486634
0.8866141
0.8886596
0.87926614
0.8897841
0.87973404
0.8828112
0.9004696
0.8954314
0.8992018
0.9109691
0.8885585
0.89746934
0.89929295
0.9146846
0.8779554
0.89930344
0.89851326
0.901239
0.9070091
0.8912144
0.8938676
0.8885959
0.8891984
0.88791245
0.8915875
0.8716722
0.86971706
0.8986381
0.88159823
0.88743126
0.8976681
0.8810992
0.8502763
0.9040944
0.87082624
0.88590074
0.88970983
0.90088505
0.8982659
0.8938469
0.87094104
0.89154655
0.8943363
0.89323896
0.8946523
0.8959045
0.8953722
0.883031
0.733386
0.89346844
0.8995107
0.8267902
0.8946043
0.9051789
0.8908323
0.8932238
0.8865703
0.8965878
0.88116825
0.89765227
0.9005621
0.89224166
0.8773582
0.8860469
0.8705819
0.88681686
0.9065406
0.9003021
0.882049
0.8944755
0.89975196
0.89316934
0.89937913
0.9001823
0.8881818
0.90159184
0.8990531
0.8773439
0.8760619
0.90227765
0.90041673
0.88482934
0.8896205
0.8963619
0.90074116
0.8900542
0.88532245
0.9082807
0.88807684
0.88809144
0.88704395
0.89241326
0.8984689
0.89349717
0.91136104
0.9005077
0.89999694
0.90438855
0.90280306
0.89068615
0.89865303
0.89023274
0.8962023
0.904174
0.8894488
0.8949209
0.89670396
0.8890956
0.9076317
0.8906318
0.85752696
0.88919306
0.8856825
0.9037658
0.8977101
0.9012306
0.8971753
0.8771647
0.8575023
0.8595596
0.8848917
0.8726213
0.89998525
0.8945232
0.8935203
0.89928204
0.8998673
0.88580924
0.8925199
0.8945485
0.86547786
0.90819633
0.8943515
0.90549463
0.87106836
0.9120006
0.8997808
0.9076165
0.8772074
0.88946974
0.9016621
0.9135856
0.88269395
0.91070575
0.8800758
0.88595515
0.8663645
0.8649856
0.709139
0.9018333
0.8907785
0.89833015
0.90137494
0.88660884
0.8749106
0.879685
0.89395195
0.8951538
0.91448027
0.90407276
0.91346735
0.89639586
0.9066075
0.8988955
0.90219605
0.9036182
0.8963248
0.8842669
0.8811068
0.8794267
0.8889374
0.87102985
0.8932248
0.87799615
0.895519
0.81716317
0.8521818
0.875831
0.8814786
0.89009476
0.8873938
0.8787342
0.9077504
0.90163225
0.888434
0.89161354
0.9011194
0.90539074
0.90703773
0.90313286
0.8662719
0.8972232
0.9152572
0.90031445
0.89578986
0.9018898
0.8500095
0.8723728
0.87418014
0.8567555
0.86385846
0.9129916
0.88005966
0.8877643
0.8871648
0.89640653
0.87445605
0.9019969
0.8867392
0.88822824
0.8862102
0.8775032
0.8953754
0.8880553
0.89991623
0.9020671
0.8967903
0.8943875
0.9022543
0.8562075
0.8643242
0.90246516
0.8703285
0.8947981
0.89141244
0.9179527
0.8564514
0.862516
0.85845655
0.90863633
0.87218344
0.8936101
0.85530853
0.8907338
0.8894376
0.8902984
0.777686
0.8862348
0.89797395
0.88985413
0.9040946
0.8999
0.920748
0.89468026
0.895632
0.8883653
0.8840029
0.9021916
0.89758474
0.9100911
0.89185697
0.8955527
0.8928256
0.8995904
0.91899395
0.88266844
0.89018005
0.8558576
0.8837583
0.86957675
0.9092998
0.8942811
0.8928694
0.8871577
0.8856827
0.88535494
0.8807781
0.8777653
0.884596
0.88297075
0.8890754
0.896987
0.90576494
0.9114763
0.90713996
0.89646584
0.9088635
0.9042913
0.905176
0.86557394
0.89687777
0.9056582
0.8955699
0.891152
0.87400013
0.88359135
0.8288814
0.84355426
0.88390726
0.91441196
0.91944563
0.88520753
0.89182276
0.87598485
0.87805766
0.8989662
0.91344625
0.8829993
0.8961031
0.8806009
0.89301157
0.8953882
0.89467853
0.8815368
0.8988583
0.88539505
0.8992496
0.9101892
0.8792055
0.91076684
0.8650389
0.8905234
0.89226025
0.8840626
0.8822925
0.898951
0.8409183
0.8985099
0.90054274
0.83369035
0.885679
0.8827315
0.8503085
0.84706855
0.88695395
0.879982
0.88597965
0.905838
0.8963649
0.8792407
0.9087385
0.8929923
0.89862394
0.9129466
0.90492827
0.90669775
0.8891827
0.8716123
0.8655859
0.81549966
0.90492374
0.89183015
0.8503085
0.87765056
0.88908106
0.8844787
0.8875594
0.91990024
0.8824375
0.8820557
0.8854163
0.8937655
0.8813574
0.8916993
0.8804511
0.8819935
0.9175956
0.8923229
0.86430126
0.909938
0.87251127
0.89173234
0.91477555
0.9164198
0.9056909
0.890519
0.899118
0.8784315
0.90887696
0.84064144
0.8557407
0.8967653
0.8698494
0.8531941
0.8522475
0.8970971
0.8963561
0.8996219
0.90783286
0.8794506
0.84930384
0.86444384
0.89106417
0.87676126
0.88344526
0.8883021
0.88515556
0.89638096
0.90334713
0.900346
0.8949044
0.89678466
0.90076363
0.8878415
0.88481593
0.85877836
0.8108721
0.8326045
0.8641608
0.89364845
0.8668142
0.868205
0.8291141
0.87564325
0.8539614
0.8949842
0.88920575
0.8964499
0.8885915
0.8982862
0.88993126
0.8877372
0.89669985
0.87835884
0.90081847
0.88377607
0.90434563
0.91081315
0.91227245
0.905183
0.8961638
0.89451045
0.89321005
0.8961786
0.8632263
0.8883336
0.87915486
0.89993864
0.8939932
0.81520164
0.89595604
0.8650989
0.85546017
0.832434
0.9044798
0.9088339
0.87158525
0.8832108
0.8988153
0.8718772
0.89015114
0.88927525
0.8898806
0.90099
0.8961244
0.8809535
0.88814825
0.9056213
0.89896595
0.8921745
0.8969301
0.89149594
0.8626235
0.8854284
0.901159
0.8895544
0.8485788
0.8858893
0.85432196
0.8670046
0.8955046
0.88925034
0.89840597
0.8878196
0.8880417
0.8863247
0.88192004
0.8908853
0.88762456
0.896063
0.91030127
0.8842332
0.8953921
0.90037864
0.8927249
0.91823417
0.90580386
0.9143448
0.9003527
0.8700261
0.8574215
0.91111267
0.88098
0.91062033
0.84005654
0.8731894
0.8705041
0.87297064
0.9060868
0.87895226
0.91143745
0.9110191
0.9030874
0.8562422
0.8227377
0.8823994
0.8992379
0.9030359
0.89735687
0.88890904
0.88457257
0.9015708
0.9112248
0.8965966
0.89827293
0.87943053
0.9002444
0.90850174
0.8944313
0.8837887
0.8963524
0.8875335
0.89044017
0.8849553
0.84981674
0.87462455
0.87648636
0.705943
0.886009
0.9035242
0.8856326
0.90521896
0.87571037
0.8838421
0.89082515
0.8860611
0.8881639
0.90615386
0.9010243
0.877756
0.84346426
0.88751
0.90810525
0.8899107
0.8696883
0.8672921
0.9042789
0.9089371
0.87789994
0.90065247
0.81857944
0.8976295
0.81542754
0.8321518
0.86514515
0.86752874
0.8291544
0.76751393
0.9069444
0.8895002
0.89787143
0.8918537
0.86794037
0.8580669
0.89494467
0.89991665
0.89348745
0.9025929
0.86078966
0.89935744
0.8993484
0.90688515
0.91496414
0.87271655
0.89606756
0.8735666
0.8574604
0.8979983
0.80316377
0.88721037
0.89350706
0.8935404
0.87729347
0.88044494
0.8643606
0.87936425
0.8987834
0.89214903
0.8783172
0.88736486
0.8715392
0.88942957
0.8965603
0.88478607
0.8849586
0.8962443
0.8840696
0.86517084
0.90819
0.90367305
0.87788516
0.9152912
0.89405054
0.80179226
0.87053776
0.86669594
0.89472634
0.8449958
0.8814117
0.8728385
0.87661093
0.8933763
0.89281523
0.8440003
0.90474564
0.88274443
0.8929735
0.87870973
0.8759929
0.8932655
0.88168496
0.89012676
0.88262796
0.88650984
0.88934577
0.90580523
0.90682673
0.8958329
0.884611
0.92008305
0.89543635
0.8655986
0.90822196
0.8968877
0.8953485
0.85564905
0.836031
0.9031606
0.886128
0.87659216
0.89191294
0.8354401
0.9024548
0.8874567
0.8873485
0.8839096
0.8787589
0.8570962
0.8699634
0.8858264
0.89123046
0.8998849
0.8944658
0.9091328
0.9002864
0.8959949
0.8820198
0.87442195
0.9016115
0.8904534
0.90381217
0.8933415
0.8781148
0.89429414
0.885801
0.86266685
0.8479476
0.87403566
0.86046195
0.8630969
0.88564014
0.9044715
0.89645976
0.89434755
0.8875195
0.860784
0.8844574
0.86983013
0.8840272
0.8813396
0.91136897
0.89768654
0.9046877
0.9146502
0.90654075
0.9117526
0.8987553
0.90671116
0.87741566
0.8932182
0.84160984
0.86248547
0.87831175
0.8716649
0.89297205
0.8790173
0.90086585
0.8744074
0.8896768
0.88131654
0.8939424
0.88394445
0.8883291
0.8987819
0.89514446
0.8542354
0.89734846
0.8845428
0.8840923
0.89115465
0.9057228
0.9015398
0.89149135
0.9073102
0.88987446
0.9015374
0.92068785
0.8604939
0.9005979
0.8974664
0.89904416
0.79197043
0.8921557
0.89272803
0.883728
0.8796074
0.88740146
0.9083229
0.9054212
0.89335346
0.8787863
0.9011777
0.8839518
0.889045
0.8879061
0.8830502
0.89190954
0.9074025
0.89059925
0.91607493
0.91482157
0.90686655
0.916309
0.8900214
0.9009088
0.8510453
0.8924962
0.8467848
0.8599889
0.8821486
0.889885
0.8714296
0.8880592
0.8145747
0.8662593
0.88845515
0.891297
0.8780886
0.90652794
0.881717
0.8942359
0.88296396
0.89214486
0.8941568
0.90076053
0.90541077
0.8866661
0.8797836
0.89009285
0.88329935
0.90821797
0.8868172
0.8687519
0.9087767
0.8857352
0.8673783
0.8847258
0.831831
0.87689835
0.869877
0.85053724
0.7566474
0.87639284
0.8982972
0.8971729
0.91798836
0.8959676
0.88903755
0.8761789
0.89615965
0.86577415
0.9001179
0.8923772
0.90643656
0.90291816
0.90765566
0.89269656
0.9082175
0.87599903
0.9041233
0.87782985
0.9100429
0.8821657
0.9114775
0.87506634
0.87713593
0.8730597
0.8956503
0.87863845
0.84767526
0.87389827
0.89365107
0.905122
0.8913612
0.89483106
0.8992023
0.8936474
0.89789796
0.8777821
0.89591825
0.89316744
0.87030274
0.9073381
0.90070677
0.8822467
0.9017711
0.8899614
0.9056511
0.9004777
0.902144
0.8778599
0.8749281
0.8927206
0.9005353
0.86855227
0.8617699
0.86616284
0.9016945
0.86714095
0.83560795
0.8999826
0.8731924
0.9052998
0.89802116
0.85613716
0.9021553
0.8522583
0.8962991
0.86791366
0.8970826
0.8909581
0.9137354
0.8944366
0.8988146
0.9084473
0.8926281
0.8944838
0.9070237
0.89428604
0.8539151
0.84486455
0.83744717
0.86063004
0.8958011
0.8955136
0.8813281
0.8934769
0.8992187
0.8919648
0.89399916
0.8963662
0.8905862
0.84697336
0.88846785
0.8964346
0.9002141
0.88194364
0.88578135
0.8976372
0.90652335
0.892399
0.89970505
0.9103162
0.90320456
0.8773654
0.8952512
0.8791806
0.88694125
0.89638877
0.8558961
0.8932795
0.87897164
0.8916163
0.8761396
0.8319164
0.8834408
0.8941098
0.8616438
0.9059205
0.8926466
0.8628003
0.87139493
0.90317607
0.89694554
0.8896028
0.9031007
0.9090559
0.9205767
0.9074008
0.8974639
0.8907282
0.88936925
0.8505847
0.86424667
0.9058118
0.8389691
0.86053395
0.9128291
0.8158047
0.9049596
0.8998363
0.7557826
0.87315375
0.8981991
0.89536965
0.8848311
0.87908125
0.89835835
0.907038
0.8986917
0.898781
0.8881893
0.8920944
0.9079595
0.9034465
0.91381055
0.91118515
0.9150756
0.88132495
0.9062547
0.90168226
0.9003937
0.84419054
0.89206326
0.84651995
0.87773967
0.87088245
0.8955332
0.9032508
0.84802526
0.8865752
0.88974947
0.73991764
0.90184736
0.8859242
0.90959746
0.9078307
0.9061108
0.91399944
0.89232063
0.895216
0.9116996
0.9263005
0.8468891
0.9185046
0.90521145
0.9230353
0.8964268
0.91610175
0.90788406
0.874002
0.8894129
0.8823003
0.8932668
0.9096914
0.87872285
0.8939778
0.7029347
0.8924935
0.6598833
0.86793846
0.8826145
0.89347345
0.9015266
0.9020228
0.8898344
0.9027113
0.8945087
0.89494455
0.89181006
0.9003854
0.89735633
0.8808725
0.8978692
0.89739925
0.8729691
0.9202054
0.8605104
0.89425486
0.90632176
0.89717215
0.9031638
0.89444685
0.89619726
0.87736905
0.8985085
0.89427626
0.8895635
0.84999865
0.8377089
0.8882407
0.8202528
0.9073145
0.8978859
0.88351077
0.8959326
0.908952
0.8992063
0.9043472
0.9093233
0.92999285
0.9166251
0.9079541
0.8831309
0.89021206
0.91674656
0.8851435
0.8728084
0.9031351
0.83077914
0.90525806
0.8734914
0.8957388
0.88379395
0.88045335
0.8963973
0.8963298
0.8323154
0.8961293
0.916574
0.91486067
0.9034595
0.90383214
0.9064984
0.8653278
0.90684754
0.90439945
0.9116727
0.8937822
0.88974214
0.89980716
0.8943941
0.9079218
0.7854229
0.88985527
0.85052335
0.90431523
0.9019815
0.78679407
0.82828176
0.8887288
0.87596273
0.89941984
0.87720805
0.88940495
0.89605355
0.8897739
0.8801836
0.90440834
0.9030241
0.9142873
0.89400136
0.8844064
0.9195603
0.91248405
0.818701
0.89889693
0.8800629
0.9101048
0.83451456
0.88978344
0.9133456
0.8921541
0.89048827
0.88889295
0.8921887
0.8437432
0.8822298
0.88513315
0.5384748
0.88527536
0.8945221
0.8926388
0.8924443
0.89760494
0.906097
0.8652763
0.8971393
0.87299234
0.89461786
0.89986414
0.90779305
0.8828241
0.8461404
0.9099203
0.8918083
0.91172206
0.8178708
0.87832904
0.8778208
0.880771
0.90338695
0.882943
0.89200455
0.8780343
0.84812504
0.8906192
0.8854884
0.85211194
0.8982711
0.8310456
0.8945098
0.9036491
0.89442223
0.8845879
0.896749
0.92167974
0.9085125
0.89461595
0.86156934
0.9049682
0.8992688
0.8578733
0.9163447
0.9058027
0.8876045
0.88631254
0.90246385
0.7616022
0.8848695
0.8907815
0.88878804
0.8804405
0.8769501
0.8959233
0.89333016
0.89305866
0.8845101
0.8805788
0.88146484
0.90972304
0.89725584
0.9019062
0.90983266
0.8936805
0.9152924
0.8854576
0.90214765
0.89674026
0.9055079
0.9017107
0.882709
0.9098899
0.8809986
0.7139366
0.8995697
0.8785085
0.8875677
0.87823755
0.887078
0.77948785
0.88052374
0.8902317
0.8977551
0.90678054
0.91303366
0.86812603
0.9049266
0.88642675
0.8771296
0.79604834
0.8953762
0.8935549
0.89730734
0.8912164
0.8857675
0.8837855
0.88226795
0.79454565
0.899467
0.87346894
0.87418634
0.87057966
0.8570501
0.8873534
0.8867293
0.8697285
0.8707491
0.8594474
0.8957453
0.8909336
0.8962009
0.9020965
0.89227295
0.902054
0.9047316
0.90612364
0.8909205
0.89207685
0.83846915
0.8841667
0.8691963
0.892567
0.89844906
0.84600633
0.7625345
0.8784146
0.8926034
0.84192485
0.89335585
0.86191416
0.8905467
0.8843982
0.8785842
0.89490694
0.8988689
0.9029091
0.89541686
0.89612067
0.8891539
0.84769624
0.89215666
0.90885234
0.8495731
0.897703
0.9156705
0.873367
0.8935792
0.9063528
0.8976194
0.9054276
0.89243907
0.8602603
0.8730848
0.89321715
0.86815387
0.86864203
0.88098854
0.8711723
0.8560961
0.8893719
0.89595443
0.882443
0.8650948
0.9006905
0.9026455
0.8832769
0.8806459
0.892396
0.8514535
0.826232
0.8900899
0.8294519
0.9000413
0.89980525
0.89484173
0.7818573
0.31459212
0.74155366
0.8743456
0.8878554
0.8725928
0.8557155
0.8735474
0.8700462
0.76572764
0.8677409
0.89934105
0.8693723
0.87295455
0.8978104
0.7046903
0.8942941
0.8954136
0.9026469
0.86210495
0.6326823
0.864188
0.73398906
0.8473421
0.82481456
0.3183777
0.90019834
0.8949885
0.8704591
0.8691948
0.8801387
0.868981
0.8931694
0.8822111
0.87972194
0.88945025
0.23605311
0.8700502
0.15709452
0.69179803
0.4636189
0.33507675
0.21592872
0.3543689
0.78206336
0.7264815
0.88864267
0.80152434
0.86144936
0.8684945
0.8925561
0.89764524
0.88054776
0.89203614
0.84378463
0.8739086
0.86961704
0.86703044
0.8938647
0.8801058
0.8789076
0.8785214
0.88428015
0.7868907
0.8882659
0.85089266
0.8580773
0.893908
0.8902134
0.88246757
0.87379533
0.89836895
0.87545305
0.89525735
0.84477633
0.894079
0.8828017
0.87787515
0.87357444
0.8867766
0.88341177
0.8784843
0.8801445
0.8855301
0.89489317
0.8174557
0.8308895
0.81812924
0.88775617
0.88590705
0.8842455
0.89752287
0.8891848
0.87271714
0.8792822
0.87571347
0.8826771
0.8892447
0.8895305
0.89896923
0.8751881
0.8609152
0.29420492
0.74594444
0.8770828
0.8781379
0.86788225
0.87727565
0.8784118
0.88952553
0.83006305
0.8657335
0.87986296
0.89329505
0.8965187
0.88512605
0.8725105
0.8957921
0.88457334
0.87869805
0.8938545
0.8874785
0.8778458
0.9061067
0.91038096
0.88555807
0.88650525
0.89010626
0.82875913
0.8758844
0.30545574
0.85882366
0.86062956
0.85399085
0.9002483
0.8867783
0.9029447
0.885933
0.7759688
0.8530121
0.58640397
0.8912372
0.9002183
0.80608916
0.27002868
0.4329822
0.92276436
0.9131025
0.9111297
0.9160573
0.9078703
0.8682034
0.9009271
0.88762856
0.8909189
0.9080182
0.8760074
0.8560213
0.9122969
0.8238911
0.16671553
0.16006763
0.24026336
0.31877956
0.81127745
0.88462365
0.29431203
0.3130519
0.8520607
0.8940642
0.8940878
0.7226504
0.8889371
0.89117223
0.91053194
0.8967984
0.40114716
0.8899894
0.89813375
0.88565063
0.28965506
0.1438939
0.8989455
0.7791659
0.8968416
0.1161015
0.9073457
0.8795105
0.46101964
0.8771707
0.9149063
0.91679335
0.37702668
0.8374813
0.88295543
0.9233062
0.90174013
0.87620485
0.8972039
0.8806578
0.9132609
0.83319324
0.46878344
0.8666619
0.69148797
0.7101704
0.47861895
0.90419155
0.8846112
0.85942805
0.9006059
0.89505273
0.7975259
0.74410987
0.7705266
0.8888956
0.8214341
0.40138385
0.80133885
0.88164437
0.8833724
0.8080902
0.8519114
0.88009083
0.8986983
0.22627103
0.8943078
0.88034236
0.8563586
0.83147746
0.5
0.60846573
0.86770964
0.14774217
0.45568746
0.8976333
0.9102586
0.78515434
0.80382794
0.93701655
0.86172354
0.17260474
0.8801718
0.89445657
0.85594976
0.8792641
0.8788984
0.8314334
0.89920956
0.84221804
0.91010886
0.8822408
0.8859573
0.9169879
0.3046642
0.6097498
0.38991535
0.26868898
0.48140997
0.8986842
0.90548825
0.78713346
0.90786046
0.89876235
0.84367096
0.884482
0.8800343
0.082221195
0.8928338
0.8890161
0.8887506
0.8913752
0.89114076
0.87210345
0.44437793
0.88757706
0.88953453
0.9014845
0.89395595
0.88622695
0.8094518
0.87782943
0.82853705
0.503543
0.68702096
0.09204789
0.89418614
0.89086694
0.6915168
0.7935829
0.8746345
0.8932506
0.6353186
0.8978423
0.4065372
0.8705485
0.88760346
0.8358461
0.86765015
0.9022399
0.8953009
0.3920515
0.82530427
0.8815403
0.8745189
0.8767433
0.9071592
0.79263824
0.49025604
0.36446226
0.24323402
0.2224708
0.28311536
0.14827083
0.8547481
0.9042993
0.86804205
0.8594237
0.91017777
0.9032341
0.8790782
0.8614883
0.89309746
0.8155522
0.86284596
0.8535142
0.34096053
0.8300696
0.89186317
0.8668906
0.8828569
0.87360907
0.8204675
0.8745185
0.8773564
0.87810874
0.8563174
0.8520331
0.3759217
0.1768348
0.5
0.8858264
0.8247239
0.87769055
0.8646023
0.9057248
0.89328194
0.76633626
0.2807183
0.2518365
0.71063536
0.87274003
0.8855175
0.7118235
0.857374
0.8685247
0.89834803
0.40247837
0.8969293
0.8958653
0.8659391
0.8689565
0.6702104
0.9170349
0.74576527
0.1397467
0.82708544
0.3287559
0.09723939
0.37165585
0.6163269
0.5581943
0.8627077
0.90107304
0.8601821
0.87755924
0.86461973
0.88253236
0.8812292
0.8866907
0.8522835
0.8894892
0.8953592
0.87709457
0.8829322
0.79172635
0.5463598
0.37660873
0.84381855
0.85927176
0.8918694
0.8977932
0.84376407
0.9075179
0.22394598
0.20728391
0.39613926
0.45706758
0.17300859
0.41897833
0.7519169
0.8684089
0.88570136
0.65521157
0.87390816
0.8953293
0.8998112
0.9104613
0.8739537
0.37324393
0.22504066
0.35468447
0.88341093
0.90485984
0.86942494
0.8828324
0.8972585
0.89297616
0.9023138
0.8916389
0.32015878
0.87574244
0.868239
0.32725307
0.8730697
0.8698893
0.2567663
0.06610489
0.13830814
0.31956518
0.8739275
0.8880235
0.84447855
0.32415444
0.58471507
0.88642925
0.89079875
0.8589144
0.47541985
0.90041286
0.90029526
0.42294663
0.19564393
0.24771324
0.8832063
0.8748598
0.8342789
0.36031052
0.8876147
0.27929375
0.26130778
0.88170606
0.86014706
0.37776053
0.47663227
0.648515
0.21117297
0.1981798
0.32853773
0.13691139
0.80359644
0.88482106
0.90551287
0.8750116
0.91017175
0.91854745
0.58170724
0.9009216
0.8915346
0.8499153
0.87801564
0.8702268
0.8884663
0.89620924
0.89790004
0.90671265
0.8917468
0.88891685
0.8882048
0.8753589
0.88879323
0.78415674
0.24559101
0.346671
0.29407647
0.1046184
0.11988738
0.09604865
0.09349564
0.20911475
0.5
0.81674397
0.8901907
0.43425745
0.87863034
0.88577956
0.6954508
0.8915841
0.7976037
0.8945508
0.8865099
0.6933322
0.8257046
0.9043717
0.903175
0.89491236
0.88120824
0.90806663
0.88834375
0.88301027
0.8584041
0.20656629
0.9059654
0.840652
0.15092273
0.1966682
0.17829159
0.12548076
0.12442294
0.13479576
0.28887594
0.8693003
0.7197779
0.79616207
0.87225753
0.8774378
0.8877462
0.8826927
0.86810267
0.8983417
0.891224
0.9187677
0.90155184
0.3016487
0.9014994
0.8939668
0.8813425
0.87840587
0.8822358
0.8802238
0.6181528
0.8698166
0.36153316
0.20127693
0.096512176
0.08989248
0.103144325
0.13950622
0.09759936
0.13528726
0.32110703
0.88700026
0.85379314
0.902279
0.89011574
0.88156766
0.8867141
0.89543587
0.36982337
0.21013974
0.88885444
0.13276766
0.3422355
0.48565447
0.8872451
0.9146331
0.87384
0.68655807
0.8958517
0.27602187
0.34014273
0.2948746
0.099390976
0.48262802
0.1283457
0.09986391
0.10449384
0.0737357
0.32376516
0.409508
0.89109653
0.20587228
0.8872863
0.862637
0.8806686
0.818134
0.6221131
0.8608554
0.8854133
0.1382876
0.3574255
0.17143619
0.52805173
0.58047795
0.85154873
0.16201483
0.918001
0.33251286
0.8862054
0.17609629
0.2621979
0.2834355
0.17553951
0.11340539
0.14559351
0.10564174
0.14680488
0.16954282
0.2771374
0.4134384
0.8247514
0.884101
0.8730209
0.8373838
0.87732595
0.8525613
0.8616701
0.6072249
0.90053153
0.8969019
0.23878199
0.07789573
0.059649833
0.21414097
0.27597353
0.215506
0.4413468
0.12028171
0.16777545
0.17661788
0.23306523
0.3000996
0.14413986
0.1763804
0.12927644
0.16721204
0.11523779
0.2539167
0.47349784
0.89517367
0.77406377
0.8651886
0.8846481
0.8731508
0.88691133
0.7722349
0.8553791
0.8730892
0.88127416
0.7911839
0.8662223
0.21577212
0.2612741
0.094563074
0.121252365
0.09460385
0.123017415
0.24780385
0.18390691
0.18138108
0.34729928
0.1932844
0.066015385
0.36197513
0.24374153
0.75809246
0.8593829
0.88699275
0.8975883
0.8608521
0.76493335
0.8493821
0.90641755
0.8874125
0.8922413
0.8697376
0.87010187
0.87542063
0.86922616
0.8840662
0.89829546
0.7605674
0.25845107
0.30539122
0.15740006
0.5904339
0.14487545
0.22935376
0.10083273
0.12092042
0.7462375
0.110796034
0.2700298
0.8577574
0.31424418
0.8995706
0.49146658
0.8339455
0.893308
0.6890036
0.87966686
0.89638484
0.8719471
0.90200377
0.8714038
0.87204564
0.8808591
0.7878425
0.90734404
0.88170034
0.89386517
0.89154685
0.8899088
0.2392088
0.21498679
0.21366724
0.6617967
0.5005813
0.85577047
0.7156107
0.8323006
0.8676621
0.80511904
0.8458493
0.8645522
0.8842351
0.87370974
0.85755587
0.88220793
0.8552578
0.8806387
0.89377344
0.8636481
0.89651096
0.89121616
0.89349335
0.8729563
0.8774565
0.87501067
0.8399016
0.86903656
0.8159111
0.8929522
0.8870462
0.8407127
0.32463086
0.18521169
0.21270008
0.8081102
0.8723469
0.8972123
0.88703823
0.8819161
0.87989265
0.89254725
0.8462358
0.8273398
0.88260037
0.89856505
0.8963045
0.8957543
0.9051451
0.8877992
0.89488095
0.87121713
0.82936645
0.7238421
0.8780558
0.8832782
0.84754056
0.8709835
0.49409297
0.8502119
0.88645715
0.8961789
0.3240254
0.3967961
0.5
0.89201283
0.8871443
0.90169525
0.886953
0.89113325
0.8666365
0.8922639
0.89618325
0.9015123
0.88105255
0.8436751
0.91027546
0.8646799
0.90116036
0.8976706
0.90857285
0.8470376
0.8695522
0.89448315
0.8678233
0.87778026
0.88689
0.46712533
0.88059336
0.8740468
0.8718177
0.8883841
0.2588939
0.7928761
0.8778794
0.89235634
0.8960107
0.8978226
0.89596015
0.88622564
0.8942173
0.8655015
0.9022202
0.8791839
0.9061552
0.902708
0.9010493
0.8891362
0.8830668
0.8863474
0.8553782
0.8952648
0.88938195
0.8824992
0.8946601
0.8681918
0.80079746
0.9021837
0.6196556
0.8756126
0.90971553
0.892843
0.89412075
0.7396139
0.74269253
0.8902677
0.8976612
0.8717041
0.90139985
0.89163315
0.88900185
0.5522611
0.8611945
0.885918
0.9123799
0.85276026
0.85714877
0.88853776
0.76941186
0.8562403
0.8878751
0.9084531
0.9024688
0.8834391
0.9011965
0.8657784
0.779281
0.871363
0.8898976
0.89353174
0.89482397
0.8757075
0.8892971
0.9008542
0.90054053
0.8841526
0.88832474
0.90352404
0.873129
0.8016186
0.8956003
0.8889168
0.78389746
0.88945955
0.9105391
0.9031745
0.8957384
0.8879905
0.8745557
0.88870865
0.8657057
0.89459306
0.8857441
0.8844933
0.8978631
0.8841224
0.88453656
0.8194665
0.8642112
0.8704833
0.9030901
0.8681007
0.89566445
0.90626323
0.87372625
0.9043651
0.76873595
0.8566171
0.8934397
0.8516651
0.89463276
0.83695734
0.9019703
0.88834745
0.8884497
0.90056634
0.75570416
0.8987691
0.8461665
0.9129124
0.8483692
0.8929989
0.88797075
0.9006027
0.8860336
0.900749
0.879281
0.87831193
0.88003063
0.77604014
0.8912177
0.8447843
0.88795906
0.89688283
0.9076182
0.8916259
0.9100038
0.90527993
0.8826519
0.878813
0.9085491
0.7820856
0.8797678
0.90309155
0.8751442
0.89703095
0.88900155
0.85170794
0.917218
0.85433465
0.896327
0.8822609
0.874707
0.83736587
0.8979141
0.8734869
0.8501118
0.8925266
0.8818325
0.8958563
0.8920052
0.9056043
0.9041457
0.90198225
0.8995349
0.87279606
0.886403
0.8837045
0.91104144
0.90118766
0.8585248
0.89434975
0.8835519
0.8893681
0.869217
0.85430634
0.9115464
0.914968
0.9034971
0.8794662
0.8863103
0.91055626
0.88376105
0.9160854
0.89090174
0.77673805
0.87768227
0.8968031
0.7762983
0.8769123
0.8554355
0.8814455
0.8961969
0.90805876
0.9096994
0.89968956
0.8732173
0.8970855
0.89184797
0.82405883
0.9108787
0.89041567
0.8959121
0.8822921
0.9106918
0.8894864
0.897849
0.8976468
0.91157764
0.8733201
0.90579116
0.8978278
0.8919142
0.88805854
0.8840497
0.896244
0.8928037
0.86726886
0.8768787
0.8591394
0.90248996
0.8960763
0.87830275
0.90095645
0.88429
0.8971284
0.8983795
0.881752
0.9056778
0.862967
0.8940649
0.8988027
0.877653
0.88252896
0.899591
0.88850015
0.89740384
0.71430916
0.9084446
0.9016878
0.9067872
0.8996693
0.88683474
0.89780504
0.9051291
0.8858173
0.8861109
0.8830846
0.89150906
0.89801866
0.88901013
0.9012858
0.9010806
0.8930435
0.8853374
0.9015443
0.8573332
0.87856454
0.8995241
0.8521107
0.8890074
0.9088051
0.9044773
0.9012025
0.91248643
0.8859574
0.8966822
0.8924991
0.8888027
0.84308845
0.90730613
0.9182622
0.8951727
0.8783684
0.89083856
0.89430314
0.8888659
0.8474113
0.87288815
0.8906958
0.8942079
0.80199456
0.898499
0.89483327
0.9034491
0.8904306
0.9041207
0.89542633
0.8508107
0.9044695
0.86731696
0.890552
0.8942014
0.9023884
0.8421146
0.9143129
0.89926285
0.90535164
0.8684743
0.8205626
0.9183266
0.8909138
0.9082611
0.90993774
0.8922997
0.8936786
0.8794199
0.8231028
0.8785419
0.89878213
0.89432925
0.88816166
0.90372795
0.90464115
0.90568376
0.8985816
0.8978084
0.897739
0.85910493
0.90907955
0.8832715
0.9003109
0.89355236
0.901609
0.8846004
0.8960864
0.89392334
0.88386214
0.88601226
0.9009925
0.9007396
0.8859292
0.88924026
0.89156985
0.8946775
0.8372267
0.87695986
0.6576023
0.89744
0.8994764
0.90530413
0.8923881
0.8939702
0.88740176
0.9107991
0.88701683
0.8906187
0.8913827
0.899017
0.8958563
0.89013356
0.8132297
0.8968156
0.9130693
0.91007566
0.8917421
0.8973501
0.9082968
0.9116592
0.8877473
0.8946541
0.8711027
0.9029556
0.8937622
0.90155977
0.8793027
0.83243847
0.8735291
0.8009535
0.88623464
0.89715105
0.8972096
0.8924544
0.89327794
0.90531296
0.896994
0.5535892
0.89888674
0.88559943
0.8767774
0.91011816
0.90758497
0.9024947
0.8765467
0.8979675
0.884483
0.90120286
0.89874834
0.8941606
0.9093171
0.88414454
0.88498825
0.88274634
0.88286537
0.8890199
0.9037167
0.8790529
0.8768985
0.8814339
0.8954306
0.8956809
0.89354235
0.90104944
0.8925259
0.8928835
0.8764194
0.8411616
0.83886296
0.903674
0.86094314
0.9015274
0.8935855
0.6852699
0.89069414
0.87227386
0.9068732
0.88734496
0.90710574
0.90580827
0.89628804
0.9000403
0.8877196
0.90282863
0.8893305
0.857597
0.88819927
0.88227594
0.8868187
0.8710381
0.8648022
0.89421856
0.88536066
0.8963226
0.8949701
0.8955043
0.8713572
0.9089734
0.8914284
0.84911513
0.86302084
0.8710727
0.90632695
0.90151316
0.89528555
0.8839074
0.89023566
0.88345754
0.91246307
0.8948677
0.88445514
0.90018165
0.8932047
0.90690696
0.8937956
0.8728271
0.8884743
0.898303
0.8728411
0.8159749
0.8955532
0.8907873
0.88929814
0.8858914
0.8973221
0.8387396
0.8800372
0.873919
0.8960817
0.8167729
0.9036772
0.88962775
0.8630184
0.89746267
0.9047229
0.8980259
0.89846927
0.917531
0.89175415
0.90547484
0.8659631
0.9119536
0.8867208
0.8706653
0.88685906
0.8847955
0.88080424
0.8829447
0.8610939
0.891897
0.88255924
0.8852743
0.88996875
0.9044367
0.86770296
0.81388503
0.88698655
0.84308356
0.8861564
0.8893098
0.8930611
0.908448
0.897571
0.8951245
0.9035763
0.9132323
0.8825305
0.87019604
0.912747
0.8807006
0.8852583
0.8954037
0.8969634
0.8985184
0.8777852
0.8980974
0.90023446
0.86889666
0.9018652
0.89228797
0.890511
0.8880998
0.896111
0.89654493
0.86336225
0.85403895
0.8573252
0.8971705
0.8323981
0.9000942
0.8923165
0.86389583
0.89293116
0.865903
0.83792025
0.86613846
0.9123981
0.8989343
0.8987621
0.8914472
0.88979113
0.8853444
0.89922065
0.88799405
0.8785701
0.8671146
0.8642615
0.3587273
0.8873139
0.88534105
0.8991555
0.8910178
0.90373474
0.8991871
0.88382626
0.73602253
0.9029648
0.8323789
0.82835436
0.8633717
0.8932423
0.7864391
0.90070367
0.9014733
0.8775079
0.8917317
0.8660619
0.89487153
0.90137774
0.8953358
0.883448
0.87205
0.8710875
0.8651432
0.8921571
0.8705833
0.87931675
0.8901678
0.8745132
0.9032911
0.8871987
0.9045382
0.90049356
0.8676388
0.8645623
0.7505654
0.88353264
0.8611941
0.7892896
0.8915459
0.881456
0.8542354
0.88619703
0.8993818
0.8582613
0.85470533
0.8802972
0.87308687
0.8961949
0.86932725
0.9064149
0.8968071
0.87188065
0.905384
0.8706931
0.87694514
0.8715334
0.91404504
0.8804875
0.8965834
0.91549176
0.9164808
0.8513671
0.81416935
0.8624947
0.8866057
0.8735618
0.8531338
0.8908116
0.7756777
0.88103545
0.8904311
0.5
0.8752096
0.9048132
0.88254243
0.8788182
0.8657027
0.8962238
0.9033838
0.8974115
0.876915
0.8701388
0.8902495
0.8903762
0.89361227
0.89106566
0.8932087
0.8722031
0.8833532
0.89586085
0.83821523
0.8996118
0.8388858
0.90122986
0.8697564
0.86960554
0.88977194
0.87455887
0.8245545
0.8973092
0.906374
0.8802283
0.8949639
0.88148195
0.85547936
0.89166
0.8962293
0.8998261
0.882936
0.87976384
0.8926535
0.8927551
0.884872
0.84134007
0.8902466
0.88346624
0.8982712
0.88624704
0.9043849
0.8905089
0.8025848
0.8252568
0.8933199
0.86667717
0.8815587
0.8892936
0.8369335
0.89361835
0.849447
0.85088295
0.82607263
0.8815665
0.9074419
0.8378122
0.89012027
0.9014133
0.9033179
0.89488673
0.89079875
0.8949704
0.89120466
0.88338125
0.88670474
0.8993265
0.89951175
0.90051395
0.90126956
0.8978639
0.8951302
0.78019786
0.90389436
0.857672
0.8828777
0.8769464
0.8975943
0.88493663
0.8790243
0.85290784
0.8975899
0.75311124
0.90240383
0.85119075
0.91462624
0.8968496
0.88954115
0.82487166
0.90116423
0.8986053
0.87346697
0.87922996
0.88117343
0.8177475
0.8597677
0.8972707
0.8773408
0.88788104
0.9113849
0.9087552
0.80029106
0.8018974
0.8557907
0.79696757
0.87816906
0.8226453
0.88844067
0.7346746
0.8799372
0.90659964
0.83593464
0.8388297
0.90885186
0.89678764
0.86749095
0.9001162
0.89274025
0.9143255
0.90413445
0.8959475
0.87793857
0.87366307
0.8291604
0.8734561
0.900245
0.90557516
0.8995006
0.90135986
0.8967475
0.86691904
0.9007958
0.88947165
0.8400007
0.9005143
0.82169205
0.7923191
0.57685304
0.86324567
0.8738627
0.83600825
0.90463597
0.8803096
0.90620553
0.86789125
0.88969034
0.8854352
0.89519995
0.8815199
0.89866835
0.90551525
0.8874182
0.7896488
0.8934273
0.89168656
0.9050362
0.8706028
0.86587906
0.87401235
0.90295535
0.8087358
0.88099277
0.82664865
0.89187056
0.8592029
0.8420309
0.9070095
0.8895834
0.7955246
0.8711863
0.9089662
0.8917205
0.8979414
0.89039963
0.90329283
0.89507526
0.89713836
0.88085043
0.87995744
0.89724433
0.8536293
0.86114275
0.8933769
0.8957449
0.8930644
0.87734115
0.8949438
0.8315664
0.8637973
0.8759323
0.8228592
0.88069147
0.8110503
0.86711246
0.88457745
0.91081184
0.91132784
0.88662016
0.89506495
0.8819244
0.9029965
0.91036576
0.88798314
0.88507146
0.9087241
0.8946536
0.8869059
0.8901024
0.88533825
0.8950916
0.8897125
0.88605237
0.888031
0.8645474
0.9054545
0.9027752
0.8669026
0.89434624
0.8618336
0.8951543
0.87613463
0.8424148
0.86054236
0.90037555
0.90140516
0.89111376
0.8225446
0.90983343
0.9030691
0.89690703
0.9246214
0.89803857
0.90075386
0.89471996
0.9081665
0.8816673
0.9037969
0.8335389
0.877988
0.8800141
0.8741457
0.8842761
0.88831264
0.8962621
0.88890237
0.59802127
0.8752569
0.8985107
0.8946501
0.84298927
0.88897884
0.8680364
0.83722514
0.8966619
0.861896
0.8890974
0.9127552
0.9137981
0.8890051
0.8977756
0.907368
0.89309394
0.9048158
0.88724923
0.883992
0.8994486
0.8224614
0.8662084
0.8926369
0.90050435
0.9128184
0.91222584
0.89894193
0.88455915
0.68478274
0.85994476
0.7932462
0.7606471
0.8625503
0.8882671
0.83487236
0.86040175
0.91194725
0.9092177
0.89136666
0.9088168
0.89816713
0.8907796
0.89941883
0.9124722
0.88643724
0.88975716
0.88395816
0.8882944
0.89782643
0.7277543
0.8929145
0.8974592
0.89707416
0.91039443
0.916733
0.8376166
0.8622639
0.8481879
0.8734705
0.85476667
0.9006633
0.88975847
0.87090296
0.88930976
0.87608075
0.9076895
0.88482505
0.90801495
0.880774
0.9117261
0.87267023
0.9107102
0.9101365
0.9005352
0.89548635
0.89997965
0.88965416
0.8797566
0.80995405
0.885411
0.88332266
0.89284945
0.891112
0.89705664
0.85442424
0.86759126
0.8181495
0.84642136
0.8920854
0.8735896
0.87897485
0.90106
0.8963998
0.90135574
0.88512653
0.90688103
0.8837675
0.91117275
0.88809484
0.8698535
0.8742826
0.88770056
0.90500325
0.89271796
0.8966145
0.8867884
0.871202
0.9023856
0.8860059
0.8900361
0.8933456
0.9026599
0.87103057
0.8310109
0.8901353
0.8846406
0.9033376
0.88751394
0.873183
0.82915914
0.8712988
0.8828567
0.9003132
0.89896345
0.8978678
0.8823543
0.9048533
0.898269
0.8655656
0.90506846
0.87877125
0.88540477
0.8726366
0.8866661
0.8932626
0.8976196
0.89827526
0.91198874
0.9044062
0.8897132
0.87487984
0.82051456
0.88492477
0.8640996
0.87753886
0.8663309
0.7847743
0.91490126
0.8907278
0.86199087
0.9073117
0.88053715
0.88995385
0.8971543
0.8836476
0.89508015
0.884923
0.88929486
0.88325906
0.8922375
0.87587464
0.8818706
0.89142674
0.8886149
0.88312453
0.89402556
0.8957163
0.8931734
0.85774773
0.6613481
0.7877947
0.77971387
0.84847695
0.81746626
0.8961453
0.856569
0.87907404
0.9085237
0.90560037
0.90553623
0.90607095
0.90680695
0.88244176
0.90972966
0.89519036
0.9029338
0.8990162
0.8907182
0.8647535
0.8778542
0.88662046
0.8829307
0.89522916
0.8947614
0.89926624
0.9026318
0.909021
0.8709503
0.8423349
0.7982228
0.86153257
0.8592907
0.88383234
0.856317
0.8206561
0.7985878
0.8894987
0.8872911
0.8970466
0.8808039
0.88470215
0.9162019
0.90027136
0.8965395
0.9064987
0.8962288
0.8835389
0.89026505
0.8988936
0.7986965
0.8960599
0.8640898
0.8765944
0.906159
0.8797856
0.8508634
0.8447062
0.87257344
0.85592204
0.886171
0.8930855
0.8798119
0.89129734
0.89280176
0.8922689
0.89337516
0.9025617
0.902402
0.8766171
0.90588474
0.9097191
0.87926793
0.8923745
0.897348
0.89977187
0.8469909
0.8350837
0.885399
0.8837178
0.8882844
0.90568036
0.91096485
0.89849055
0.8568343
0.8663743
0.8697582
0.8880827
0.872732
0.857423
0.8993943
0.83076787
0.77562225
0.8983293
0.9069506
0.8885081
0.8971423
0.8978248
0.9076132
0.90041924
0.8809259
0.8782691
0.8975219
0.8644993
0.8712813
0.881678
0.898883
0.8809487
0.89420635
0.8976272
0.90849304
0.8921234
0.8910579
0.86706316
0.8974595
0.8643138
0.8738024
0.88285726
0.89066124
0.8009685
0.90172005
0.90035003
0.8904
0.90356547
0.9044382
0.87214553
0.90232337
0.8971912
0.8980191
0.8919898
0.8857007
0.8916257
0.8884509
0.76421845
0.9101295
0.8383073
0.8906434
0.87859994
0.8891472
0.87981164
0.86866057
0.89495564
0.886666
0.8542788
0.8553655
0.8720728
0.8950078
0.8549638
0.8760436
0.90752155
0.90008736
0.8763763
0.8820222
0.90668404
0.8907657
0.8786689
0.8930371
0.82115054
0.8938636
0.88937676
0.8977097
0.8916808
0.8984283
0.8942015
0.9016172
0.8917198
0.8833288
0.89099693
0.8420527
0.9003246
0.89804417
0.8536046
0.8301023
0.88246655
0.90842915
0.8822801
0.74556345
0.91123986
0.91049665
0.9094332
0.9093378
0.90643215
0.8896379
0.90460604
0.8950816
0.8901793
0.8961009
0.8402397
0.87531596
0.8938056
0.89002156
0.8910528
0.9140209
0.88693124
0.9067803
0.8724473
0.91720355
0.8706289
0.8821326
0.85755086
0.8342023
0.9017791
0.8854395
0.90812653
0.90871066
0.8768683
0.9196742
0.8991226
0.9026133
0.8917141
0.9003233
0.90263
0.890957
0.8931588
0.88281286
0.8878124
0.91017777
0.8901634
0.8880069
0.8900272
0.89142984
0.78180736
0.8923512
0.9078797
0.84772426
0.8802195
0.8900407
0.8646971
0.8773399
0.9091849
0.8901245
0.8633705
0.86847365
0.8717402
0.89658356
0.8896319
0.89331764
0.8847028
0.9093263
0.8948011
0.9040014
0.8955067
0.7998239
0.8816362
0.89291036
0.8837749
0.89363146
0.86960745
0.86576986
0.8770889
0.89227414
0.8960795
0.85769564
0.875033
0.8986801
0.907927
0.86853176
0.9003401
0.87410796
0.9016491
0.90316266
0.91075915
0.8982648
0.8906334
0.89454746
0.885449
0.89378494
0.8935152
0.9002724
0.8838157
0.86922854
0.87383527
0.87790334
0.909853
0.90774226
0.9009174
0.89096063
0.880058
0.8069359
0.8903206
0.9057274
0.89289904
0.8947608
0.8871556
0.8968817
0.8977374
0.900464
0.88916117
0.8598236
0.9076156
0.89379364
0.89532894
0.88967437
0.89900464
0.9047043
0.8890316
0.88479716
0.8610063
0.8879546
0.884924
0.9035371
0.89261913
0.8908381
0.90133476
0.9134372
0.8523523
0.9000061
0.8665534
0.8843502
0.8722391
0.89188707
0.889829
0.9094071
0.8849408
0.8822813
0.8840803
0.9015591
0.87618715
0.89518744
0.8948522
0.8882746
0.89376915
0.8904434
0.8818656
0.8934806
0.82154286
0.899219
0.8980053
0.89306426
0.89334494
0.8780589
0.8817548
0.895767
0.8884024
0.9187326
0.8606028
0.8776526
0.88754404
0.8974987
0.890559
0.8916289
0.88075495
0.89377326
0.8085863
0.86224365
0.7897028
0.89692295
0.8860646
0.88478607
0.8886352
0.87987244
0.89161605
0.88784665
0.90024126
0.8755374
0.90227735
0.84641325
0.87658316
0.891542
0.87913835
0.8867557
0.9068884
0.90484166
0.89213365
0.89436215
0.9013153
0.91045696
0.88993996
0.88250554
0.85753316
0.8876351
0.89079845
0.90902895
0.9058887
0.8805506
0.8927809
0.84649175
0.89261484
0.8799512
0.88999945
0.9108681
0.8619123
0.9026434
0.9037774
0.8826307
0.902869
0.87497723
0.9000409
0.9162458
0.9066673
0.8787875
0.8786985
0.88751847
0.85698307
0.9015801
0.9091936
0.8879857
0.85624087
0.88598305
0.87110645
0.8960167
0.89123076
0.8744825
0.8959434
0.84031093
0.8766497
0.89311427
0.91419077
0.89724314
0.8845132
0.91334945
0.8883133
0.85603154
0.8865733
0.891543
0.8738468
0.879503
0.8448432
0.9043746
0.9074612
0.89719594
0.88996965
0.85728604
0.90016425
0.74433905
0.91298336
0.8864484
0.8317387
0.68813145
0.89211595
0.8780019
0.854461
0.8998314
0.87773454
0.8877858
0.8929766
0.89755803
0.8514756
0.8828725
0.8962416
0.8029428
0.8911945
0.88616836
0.88680756
0.85517794
0.8625954
0.88731503
0.7116493
0.89455795
0.88710475
0.8916063
0.8859693
0.87813115
0.903707
0.8884922
0.84963983
0.8946458
0.87308276
0.76756674
0.8791284
0.77506435
0.86792547
0.885905
0.90041727
0.880141
0.88664776
0.9042399
0.8319293
0.87424123
0.90076023
0.8709659
0.8591137
0.77274513
0.90449923
0.82757497
0.8964115
0.90500116
0.5612639
0.88632774
0.8526663
0.8609858
0.8817129
0.8814468
0.8827081
0.8829922
0.8950015
0.8834547
0.5976729
0.88258207
0.88886744
0.8829888
0.8847329
0.91054994
0.8977735
0.5254253
0.89924127
0.8432128
0.8817864
0.80626947
0.89179397
0.76573306
0.8993613
0.9022432
0.90352666
0.89054805
0.8663445
0.89436483
0.81724733
0.890649
0.77586514
0.80694306
0.87623596
0.83528477
0.88178205
0.86921877
0.8568465
0.8650123
0.8892464
0.8947089
0.9020003
0.9069315
0.8952154
0.90819347
0.85160595
0.80705553
0.86932886
0.6434346
0.8877074
0.8843723
0.74475
0.8620986
0.89087236
0.8820484
0.9002043
0.88362443
0.8886351
0.83548355
0.854124
0.88162196
0.8934962
0.85957843
0.8784364
0.8802772
0.8769125
0.8851644
0.8229221
0.86422646
0.8528821
0.77581626
0.8239901
0.88853216
0.8640317
0.8970269
0.88245285
0.88334405
0.84369814
0.89264554
0.87293637
0.8771529
0.73879147
0.89246833
0.8945872
0.6055742
0.7364801
0.8840144
0.8794521
0.8851754
0.859455
0.87307924
0.84002703
0.902691
0.8604297
0.9017211
0.8904259
0.7444176
0.8729566
0.84530234
0.9028465
0.89060485
0.8725761
0.6471587
0.8941831
0.8826536
0.86781055
0.81456953
0.78889245
0.89704275
0.88752645
0.8681201
0.8654403
0.82293105
0.8829816
0.89001495
0.8842849
0.88285094
0.89469934
0.88951135
0.87607735
0.8790825
0.87322843
0.88585234
0.86681366
0.8733611
0.8840262
0.86219674
0.86261106
0.8899141
0.8814991
0.86918634
0.8733404
0.8833092
0.8847841
0.8819401
0.86736315
0.87003225
0.86472416
0.4301998
0.8888107
0.85652876
0.77102983
0.90025854
0.60461545
0.8178757
0.56006896
0.8956279
0.88505423
0.86550254
0.89428633
0.8913044
0.8935995
0.75812113
0.8872623
0.8966216
0.8790571
0.8709089
0.85788774
0.8863386
0.89135766
0.8488043
0.8505938
0.8852428
0.8026122
0.8622002
0.9007399
0.89037436
0.8940424
0.8924922
0.8489112
0.8671783
0.88016963
0.88411164
0.87017995
0.899352
0.87114716
0.88024306
0.88851833
0.8606776
0.8699853
0.8750646
0.8471689
0.8826841
0.58463913
0.8902662
0.8557671
0.8776026
0.8994408
0.8851175
0.87580854
0.8901155
0.8709512
0.8952862
0.89824224
0.8883813
0.89526135
0.8821226
0.90384585
0.8344972
0.7459272
0.8782714
0.7572218
0.8818008
0.88343525
0.89759105
0.9040877
0.88753057
0.8952928
0.89255154
0.86106366
0.8909956
0.8847886
0.828231
0.8299342
0.8720342
0.8876405
0.8550104
0.8446216
0.9045596
