0.12647575
0.20652819
0.1362543
0.092713825
0.11303664
0.11549717
0.16299485
0.23381902
0.09287478
0.19619629
0.14069937
0.14556839
0.09460066
0.2792731
0.07502387
0.10045539
0.13717206
0.14966665
0.3673998
0.17007327
0.17304021
0.2834818
0.12460324
0.07393666
0.10584896
0.1965064
0.29336247
0.062396646
0.10829509
0.1089596
0.059257496
0.18757688
0.15245004
0.095341645
0.28117415
0.118953325
0.1034434
0.21718721
0.12362533
0.10198038
0.42306843
0.20739916
0.12442021
0.1312794
0.17435105
0.17964004
0.13033433
0.133268
0.12910311
0.08017778
0.10181571
0.11325226
0.27324095
0.30850446
0.1720787
0.28965482
0.16593343
0.16569264
0.19256681
0.29927838
0.14652415
0.10446809
0.18689194
0.22999868
0.28602865
0.21549518
0.34758645
0.12651923
0.24508183
0.5975888
0.16497797
0.4895446
0.8712736
0.22954541
0.10178994
0.18652794
0.056128126
0.19320427
0.11793735
0.11101357
0.105311096
0.20488532
0.25744107
0.16587597
0.15971945
0.23287266
0.106390946
0.1010173
0.2091926
0.64525145
0.14772896
0.1423146
0.413704
0.1352665
0.19792643
0.20326626
0.460116
0.19590802
0.41662306
0.88066196
0.8852769
0.82478786
0.6433413
0.1393922
0.13839735
0.717906
0.20127484
0.08106976
0.11394268
0.36423218
0.20904174
0.12225862
0.18797639
0.22347052
0.23057814
0.16957814
0.15527813
0.13976587
0.16607189
0.29142103
0.8381893
0.18380886
0.27081418
0.78108287
0.41582367
0.15536256
0.45441973
0.85704273
0.2134337
0.8556954
0.7151948
0.88247085
0.08842571
0.24156615
0.06456422
0.079967596
0.08298693
0.12718293
0.2547501
0.36764568
0.8449455
0.11637844
0.23676339
0.4210226
0.4682051
0.11905554
0.11595766
0.26518318
0.15151462
0.4447302
0.42579928
0.5280528
0.30139437
0.8724787
0.12750068
0.44419482
0.23701191
0.12563075
0.6182289
0.8099456
0.4806082
0.5657236
0.2837875
0.85993737
0.09021298
0.15309592
0.35497218
0.07702751
0.13279831
0.1107888
0.18168114
0.38731536
0.5285926
0.28589848
0.15599819
0.82944226
0.23481801
0.41145152
0.5
0.30198312
0.40518984
0.4794127
0.4619716
0.82478917
0.73005736
0.25388086
0.13441001
0.7225432
0.5429076
0.5513225
0.5901144
0.85559833
0.88190454
0.4997211
0.6494528
0.83493185
0.8298946
0.8724094
0.17965546
0.14628564
0.08139158
0.2929687
0.25044653
0.37685472
0.1544235
0.28066954
0.55890054
0.8216742
0.42650032
0.5
0.41926673
0.87863374
0.43225992
0.66248304
0.8660561
0.27340487
0.82298607
0.226979
0.1164214
0.5874989
0.20161457
0.22953832
0.8048313
0.865161
0.56128275
0.14746262
0.8666766
0.75778604
0.7600464
0.7861988
0.84408945
0.82341677
0.721931
0.30486727
0.26527193
0.11708642
0.23422414
0.074543685
0.15196384
0.09731969
0.15003566
0.85458446
0.88401675
0.8783629
0.1315429
0.38071138
0.80673003
0.2345349
0.7261189
0.8987727
0.53525007
0.8272882
0.17692386
0.18528444
0.7382271
0.8122119
0.7530106
0.8204139
0.78796875
0.8729991
0.44577348
0.852276
0.78201836
0.8812795
0.85915333
0.8950584
0.8793282
0.88363326
0.89378536
0.20239106
0.25723985
0.1040358
0.5
0.1785568
0.17726573
0.1763275
0.30196413
0.2534519
0.09992202
0.31466058
0.08094804
0.8797061
0.90498203
0.8541006
0.5335469
0.18813066
0.32203892
0.14722557
0.7215087
0.8611563
0.8634801
0.88508993
0.82699573
0.88154244
0.39470175
0.7436838
0.79801023
0.88450354
0.87762266
0.88069636
0.37823755
0.89164275
0.7573264
0.8553748
0.8794796
0.88232225
0.879281
0.29813507
0.165191
0.2644654
0.08800207
0.30762953
0.16149333
0.44035932
0.112079926
0.32607868
0.43102673
0.16884165
0.26981407
0.12931296
0.27948275
0.21017508
0.21565798
0.11829987
0.29963198
0.20445764
0.19160983
0.1199377
0.17669559
0.89296347
0.87193733
0.5
0.73413706
0.55287504
0.46758026
0.8124902
0.76806545
0.8005827
0.19684501
0.84273225
0.8120465
0.6246044
0.669266
0.8778407
0.85383487
0.37538445
0.45146048
0.07280978
0.3290778
0.14687344
0.3143088
0.44899964
0.1572388
0.5
0.5954586
0.18084353
0.8483628
0.47581103
0.5
0.81656593
0.18388112
0.091247775
0.14336452
0.26577696
0.82323223
0.1777296
0.19645411
0.17626873
0.54592645
0.37623978
0.77793854
0.8045759
0.8689197
0.83771914
0.5
0.78552073
0.3624181
0.368496
0.8441039
0.8885971
0.8711856
0.87500334
0.7749585
0.88377607
0.18062
0.41231722
0.3088768
0.15257032
0.35181496
0.120637506
0.80706424
0.84200865
0.8379249
0.7162978
0.8987145
0.84876573
0.5
0.5077102
0.83125204
0.49338645
0.47434086
0.16129833
0.16707823
0.22116676
0.42707
0.10196686
0.17184243
0.3548313
0.58156615
0.7455595
0.4859002
0.39042538
0.40891817
0.600812
0.8279586
0.8839911
0.5273618
0.23973991
0.85764045
0.83643115
0.8553891
0.8087681
0.8369908
0.87028414
0.378683
0.16392708
0.89573324
0.8495131
0.18842067
0.8947289
0.8368155
0.870946
0.7566608
0.85786843
0.43285486
0.36929357
0.20328248
0.33284006
0.20160542
0.8469344
0.5
0.35820317
0.18950136
0.26859555
0.27117598
0.1466535
0.2230422
0.15507568
0.17744973
0.14753404
0.26807064
0.2423373
0.37264958
0.81702477
0.867918
0.8625234
0.88447124
0.8319937
0.5
0.8723172
0.87358075
0.67337
0.8741069
0.7321465
0.8922557
0.9069661
0.5423426
0.70747256
0.8639394
0.8528867
0.8672224
0.8069836
0.8976761
0.86002606
0.7874423
0.8227261
0.85705453
0.8718127
0.57268405
0.60134757
0.63890237
0.8335286
0.31619748
0.16701446
0.1549031
0.22153609
0.27262464
0.26121482
0.30126873
0.5
0.4484318
0.8590773
0.5
0.5
0.6589969
0.83291316
0.7792429
0.39367867
0.36244962
0.8291443
0.5815709
0.83706415
0.87602127
0.88202107
0.8810405
0.8496202
0.87026083
0.6982623
0.892074
0.86165935
0.6030737
0.79707956
0.9106839
0.84365493
0.6738352
0.22781603
0.84885985
0.8892106
0.84599507
0.70037395
0.8618752
0.5
0.85950613
0.5
0.45503595
0.22808431
0.09020368
0.12594752
0.22361162
0.14301349
0.15963845
0.10730999
0.3442222
0.8056749
0.16198811
0.36277854
0.85794616
0.7899286
0.8743654
0.8491778
0.48222715
0.8779462
0.8602885
0.8491106
0.87579465
0.876414
0.8680193
0.8824461
0.8709855
0.862877
0.8633916
0.83887666
0.8674737
0.8484759
0.8492728
0.89645606
0.48054522
0.6131207
0.7947084
0.8596853
0.81922275
0.21532789
0.8467087
0.12040527
0.4757878
0.18737358
0.29382178
0.48866624
0.16817085
0.34899172
0.2769917
0.34797505
0.17480935
0.5
0.79845846
0.19533877
0.7151228
0.19937481
0.5
0.38405004
0.8721396
0.43641767
0.81096923
0.6179395
0.8788252
0.7450089
0.84661734
0.8677783
0.8751636
0.707159
0.86958253
0.90541816
0.88797826
0.8706871
0.874697
0.8913075
0.85056484
0.1819358
0.8471582
0.8986316
0.86541224
0.84917885
0.60606015
0.8621017
0.87993926
0.61555636
0.43197066
0.8416569
0.4571648
0.13740538
0.31785414
0.1946267
0.3576781
0.17021117
0.13805158
0.4076093
0.18125448
0.48503697
0.3719914
0.56614804
0.21532391
0.414216
0.62277025
0.8563303
0.87550086
0.8333742
0.8682696
0.85573554
0.8585007
0.7499715
0.88906777
0.8836672
0.89052534
0.88167435
0.8435763
0.884976
0.888506
0.8637367
0.8674822
0.8683968
0.8548318
0.8395003
0.8669133
0.8889363
0.86409783
0.68131644
0.7969415
0.5
0.14304529
0.24123724
0.22183281
0.18576913
0.12219356
0.24363422
0.30306715
0.22207695
0.88194656
0.35331634
0.4891067
0.86900026
0.5
0.47514224
0.8251897
0.56870455
0.8593252
0.78894097
0.74903446
0.862488
0.8495937
0.86787903
0.89521563
0.861612
0.8676364
0.878165
0.88467854
0.8941306
0.8042926
0.8770514
0.88588387
0.8812632
0.89560765
0.8224813
0.8219299
0.8638701
0.65671366
0.87746954
0.39470547
0.86274415
0.3871294
0.26814964
0.38362625
0.11149837
0.5
0.20710245
0.2765595
0.1669515
0.48304456
0.7437204
0.42727238
0.45827904
0.2968573
0.7479782
0.37218228
0.35905054
0.84926033
0.6973286
0.814908
0.7465921
0.86632854
0.77020025
0.872188
0.8553998
0.90151775
0.8837177
0.8760115
0.86878985
0.86973804
0.8854507
0.8804668
0.88715965
0.8946213
0.8392909
0.86940885
0.8716238
0.8827259
0.84567505
0.8074859
0.8076693
0.8503185
0.43771514
0.31205332
0.13083707
0.27222487
0.2711025
0.16824107
0.27405956
0.48187327
0.1743622
0.29260147
0.13736711
0.11513359
0.8934814
0.7239406
0.56658
0.73147845
0.8692161
0.3533483
0.64783776
0.8731576
0.8506175
0.8414995
0.8673257
0.8598343
0.88635844
0.8798352
0.90276384
0.87995535
0.873895
0.86751705
0.7500006
0.88910216
0.87394154
0.87899774
0.88852865
0.8646726
0.88051784
0.4734195
0.50671405
0.87855655
0.44724512
0.74676615
0.5108248
0.4330505
0.15297933
0.4119134
0.11094149
0.17722555
0.5
0.74104935
0.4077149
0.17094645
0.3657564
0.8687788
0.40272138
0.7062056
0.8790944
0.8414592
0.82166386
0.8425993
0.7469772
0.8685723
0.8261941
0.82666093
0.8812831
0.8760399
0.8558223
0.8882541
0.84365004
0.8746961
0.37088156
0.8662655
0.8793152
0.8719511
0.7584542
0.89084375
0.85996544
0.8889793
0.844337
0.8210788
0.86237144
0.88393366
0.8115334
0.19445036
0.22069177
0.83647984
0.152419
0.15682778
0.1707993
0.09322592
0.41195354
0.7593037
0.1546322
0.37257835
0.5
0.1564066
0.49742135
0.8866938
0.84284806
0.8000474
0.45831528
0.7826953
0.8494207
0.86527497
0.82122934
0.86943966
0.28507274
0.88983065
0.857329
0.89466804
0.906587
0.88688886
0.90672636
0.9057986
0.8859701
0.8716461
0.8621576
0.8512825
0.88086593
0.8764663
0.82909864
0.7858281
0.39193466
0.8428402
0.85940313
0.64468044
0.66652966
0.4366538
0.29792443
0.45232624
0.2498864
0.510705
0.802467
0.7964283
0.5555881
0.5
0.80190945
0.883233
0.86515224
0.8689068
0.8774622
0.86366403
0.8529564
0.8634435
0.53154594
0.8643954
0.86515975
0.9067651
0.83134884
0.86516154
0.8913945
0.86209214
0.8690297
0.88768417
0.8680593
0.86589044
0.8853058
0.854527
0.8676214
0.89203036
0.8759699
0.7026819
0.8035341
0.83475214
0.63935065
0.33231106
0.47533226
0.2763689
0.14472403
0.5
0.292315
0.1800907
0.49364552
0.7000303
0.17552435
0.27754202
0.87754655
0.85192007
0.85064745
0.90208304
0.4234256
0.7237474
0.8799968
0.6359
0.6208418
0.7704727
0.8821565
0.8348896
0.8872941
0.85739195
0.8878384
0.9080104
0.82893693
0.8655581
0.8900151
0.8950397
0.89936787
0.8517343
0.86539996
0.88135386
0.88414085
0.86882967
0.85205
0.8281617
0.4796128
0.481584
0.67519087
0.81840175
0.20702001
0.26164496
0.26384202
0.5
0.28476298
0.20504978
0.3326969
0.34259516
0.85267943
0.47076467
0.8522985
0.8115425
0.8895361
0.8597874
0.8994281
0.8707365
0.8704444
0.87594277
0.88818234
0.7035549
0.8916514
0.83393127
0.86470574
0.87492675
0.8814636
0.81732476
0.79318285
0.8661249
0.8964865
0.8852276
0.8653292
0.8782101
0.8680601
0.1853809
0.867451
0.88993514
0.4983416
0.8821613
0.87720805
0.34990788
0.4787345
0.31012326
0.320567
0.5849931
0.29808927
0.22705768
0.52468795
0.24012919
0.46764237
0.34633896
0.9025065
0.89666235
0.83843845
0.86566466
0.8896049
0.8727697
0.88113815
0.86207986
0.6758833
0.8621798
0.8917022
0.88268495
0.875201
0.87224346
0.89079344
0.8729136
0.9027066
0.86803305
0.8715104
0.86717707
0.8865545
0.85466003
0.8763944
0.897656
0.8588679
0.79792273
0.8263741
0.8098338
0.5220544
0.602358
0.84935033
0.8869378
0.23833193
0.34782368
0.44773427
0.13644314
0.8099527
0.49770933
0.268592
0.070961915
0.21100445
0.69850206
0.83735716
0.89043665
0.8019767
0.7130311
0.8882812
0.862166
0.78373784
0.8037433
0.8636859
0.81110704
0.89120615
0.8881017
0.8998236
0.8689272
0.91001505
0.85497475
0.8926479
0.8878825
0.87430704
0.8762752
0.8804059
0.87450445
0.8736143
0.85930115
0.86206037
0.874518
0.49287382
0.402092
0.8761122
0.8532177
0.45311987
0.27885568
0.3021009
0.52346456
0.14770009
0.44812983
0.2129939
0.8357931
0.5641175
0.35523123
0.26076984
0.8715656
0.86629623
0.8825233
0.88136166
0.8044897
0.85469115
0.897104
0.7831253
0.8739319
0.87164086
0.8889952
0.90915227
0.88015234
0.8748215
0.8844267
0.8837688
0.88496125
0.85607773
0.8721526
0.8783443
0.8928824
0.8906173
0.79938674
0.87329817
0.8770703
0.85960436
0.8238419
0.5
0.87209296
0.77346545
0.8624869
0.3437712
0.47170067
0.3689207
0.43292895
0.30876628
0.61239725
0.36341304
0.1648442
0.87512255
0.83285624
0.68506575
0.7491127
0.9004801
0.8526341
0.8849703
0.84575456
0.8713713
0.8965507
0.87933326
0.889028
0.80303687
0.9033201
0.8891936
0.85673
0.8232688
0.85651374
0.88741714
0.9143292
0.889308
0.8665891
0.87419236
0.8632949
0.8682972
0.7421976
0.88335496
0.89235127
0.87068677
0.890952
0.81589085
0.6464041
0.8582593
0.5985322
0.787854
0.18784611
0.19010553
0.28051233
0.25221807
0.37490165
0.6892806
0.83098984
0.7944197
0.87628865
0.87102234
0.8340619
0.8575518
0.870586
0.8850173
0.8752353
0.8756065
0.90597576
0.8912891
0.87486273
0.8947152
0.89060664
0.8907358
0.85402167
0.8834721
0.87998885
0.88857645
0.8803829
0.903374
0.901894
0.8654524
0.8533231
0.8719865
0.8980318
0.8596376
0.88234925
0.87408066
0.44205925
0.8014266
0.4765007
0.69046485
0.2400463
0.2532068
0.5
0.24918954
0.86838377
0.22611402
0.37660274
0.3074743
0.8521719
0.87979096
0.8879584
0.89070415
0.8820354
0.8909119
0.83629614
0.810862
0.39817387
0.8842242
0.8734493
0.88822246
0.8843722
0.81009656
0.88697284
0.8872544
0.8914487
0.8838738
0.85649693
0.8728446
0.88975024
0.8918303
0.8644906
0.87937605
0.8640338
0.8860019
0.8541748
0.8821387
0.73809725
0.8402015
0.84570664
0.4594846
0.7021083
0.28099853
0.3046138
0.48170847
0.17513065
0.3524699
0.49565655
0.7744201
0.8397594
0.86028546
0.88348585
0.8191979
0.8747474
0.8797681
0.82949287
0.8576735
0.85569584
0.87777823
0.86765605
0.8932222
0.7998864
0.88325113
0.89061666
0.8621093
0.87235785
0.8889029
0.9214673
0.8839653
0.84336114
0.899163
0.88017976
0.8675527
0.8721301
0.8878251
0.8741379
0.78601086
0.87784237
0.8088384
0.43585423
0.8311545
0.613346
0.77339405
0.4813768
0.26517636
0.31659415
0.29119575
0.38879368
0.86158264
0.69112265
0.8087889
0.8204401
0.87818617
0.6907215
0.8335586
0.86489475
0.8954015
0.8563091
0.8837757
0.8406305
0.88227665
0.8421916
0.87771535
0.849723
0.89662284
0.8649007
0.851894
0.8561504
0.89207506
0.87021786
0.8764155
0.8757373
0.8904923
0.89530647
0.8788027
0.8567119
0.8973784
0.8189627
0.23753467
0.79378563
0.8560834
0.88848066
0.3098147
0.28790897
0.49698612
0.77110237
0.5
0.27316126
0.28080598
0.7206439
0.5594706
0.61388177
0.62624717
0.79669803
0.86517036
0.6174933
0.8593858
0.8725298
0.85709614
0.8641108
0.8686502
0.8848258
0.884519
0.8626837
0.90214396
0.89112926
0.9038745
0.8737143
0.8698653
0.8119091
0.89003026
0.8953363
0.85250694
0.8787937
0.8711024
0.8659244
0.77667415
0.8842385
0.87453
0.77931786
0.8787674
0.88194895
0.84475756
0.8596802
0.47142655
0.87349623
0.23560786
0.404685
0.2282048
0.5
0.8069354
0.41043743
0.48024347
0.83635867
0.55649674
0.8849817
0.8758839
0.88428706
0.8625147
0.89264727
0.86024135
0.8731344
0.88136274
0.8921506
0.8717343
0.8732085
0.89273363
0.87892705
0.8718181
0.87386703
0.8995317
0.8827099
0.8584023
0.9061836
0.8997483
0.9005247
0.8886786
0.8401548
0.9002849
0.8874197
0.88407886
0.84425914
0.8620598
0.84292316
0.38376033
0.44458163
0.28548506
0.8612534
0.3830298
0.4367254
0.43070176
0.6121523
0.57979405
0.37936404
0.87805194
0.8902624
0.8636979
0.7561541
0.87029237
0.87804973
0.89365566
0.9027381
0.8981665
0.7444177
0.8988067
0.89463854
0.8728099
0.86646724
0.88485503
0.88776314
0.7215293
0.8566693
0.8589953
0.9051199
0.8897054
0.87929916
0.90538454
0.88680595
0.85470724
0.8879108
0.8788159
0.85866165
0.8546786
0.8886362
0.876319
0.8541207
0.82639235
0.87658817
0.26141712
0.28866526
0.8309936
0.49772063
0.49432164
0.7943419
0.21315885
0.63218766
0.7798395
0.33039066
0.86822504
0.88907975
0.8876755
0.84449154
0.8592965
0.88070524
0.88163835
0.84838486
0.8886729
0.88752174
0.88505554
0.9037146
0.87228346
0.694842
0.88531953
0.9038079
0.88728887
0.8889013
0.913625
0.8727924
0.89744663
0.8872953
0.8901411
0.8916943
0.889697
0.8354712
0.83668417
0.88409406
0.82158124
0.87723595
0.87078625
0.87289745
0.81146824
0.42542395
0.75896966
0.72202086
0.8600423
0.670069
0.8141366
0.21576136
0.34820384
0.8885639
0.85949725
0.82145023
0.79956406
0.7874766
0.9023915
0.8840097
0.84511226
0.870195
0.903037
0.88430107
0.8875451
0.86551887
0.88184696
0.89810437
0.8832343
0.8807415
0.89880055
0.9031712
0.92635465
0.86256063
0.8999855
0.8765371
0.89711714
0.8992032
0.8811924
0.8798213
0.89206296
0.8908783
0.8870884
0.8789435
0.871225
0.5623152
0.8697403
0.3326222
0.31825018
0.23436898
0.11773484
0.88268995
0.89495075
0.46538848
0.87631494
0.80348873
0.8402662
0.81110877
0.8563245
0.8979293
0.89129996
0.890182
0.8976034
0.8675265
0.8900121
0.8987876
0.8695911
0.8807916
0.8964429
0.84555227
0.9010212
0.86539984
0.9003485
0.8922279
0.85908735
0.8904862
0.9041152
0.89149183
0.8728248
0.89060324
0.89537984
0.88805336
0.8994986
0.89396983
0.90418607
0.87300235
0.74066406
0.38390172
0.3285207
0.5936137
0.31841588
0.8742793
0.7262654
0.732595
0.28735375
0.7063501
0.875004
0.8733857
0.8221069
0.8910792
0.8894512
0.8644066
0.8924974
0.8912056
0.8787902
0.8378091
0.8956228
0.84982806
0.8835857
0.86826915
0.8896374
0.8975431
0.896749
0.8987348
0.90784526
0.89647704
0.8725436
0.8766982
0.91459215
0.89914167
0.8856236
0.8855869
0.89736813
0.8905897
0.8091049
0.8773398
0.87080675
0.85512465
0.55382323
0.8742536
0.20350716
0.42237824
0.5364218
0.31760308
0.50405943
0.5759411
0.876305
0.7760742
0.86245126
0.7505929
0.85987043
0.8919848
0.89275575
0.88652235
0.88707054
0.8787555
0.8837845
0.8848803
0.90393263
0.87924486
0.90112674
0.8855642
0.8877817
0.8771118
0.887731
0.8912016
0.8821473
0.8804839
0.8447772
0.89299315
0.90189147
0.8626199
0.88643974
0.89912355
0.8826528
0.9089269
0.8936491
0.8734378
0.790436
0.8700316
0.8026473
0.84005976
0.8594598
0.8911696
0.88193506
0.5307384
0.24848133
0.7005679
0.86695194
0.7349535
0.39090466
0.41894627
0.86477894
0.89182246
0.7925807
0.868173
0.88951606
0.8927528
0.8778758
0.8991643
0.8084665
0.84961474
0.88209474
0.8280511
0.9050553
0.9100045
0.90955395
0.79387385
0.90068674
0.85946625
0.8204842
0.8439349
0.9012734
0.9070825
0.8689733
0.8543098
0.89242697
0.78396446
0.8904929
0.8937384
0.8648318
0.8607889
0.8390602
0.7717125
0.3404623
0.87563795
0.71358204
0.44102713
0.42323524
0.44856852
0.87318593
0.732074
0.8536001
0.88294685
0.8742634
0.88573503
0.878367
0.80020803
0.8714802
0.8771396
0.88932604
0.8924019
0.8469938
0.89779395
0.8904431
0.90555227
0.87035847
0.9236423
0.9109049
0.88200015
0.86221397
0.8809031
0.8930681
0.89710164
0.9047865
0.8395971
0.8762801
0.8956359
0.89168435
0.8982211
0.9046916
0.8985078
0.8867246
0.895119
0.87049496
0.8730112
0.8697805
0.2564669
0.3334137
0.28548607
0.30669445
0.8653896
0.85790694
0.50178254
0.75466543
0.87626725
0.8963996
0.8658126
0.8449249
0.75776803
0.84127957
0.83806413
0.86966676
0.88107747
0.87780017
0.87590915
0.8667314
0.876078
0.89078504
0.8762931
0.8849156
0.87200946
0.89802665
0.91041344
0.8941099
0.87625563
0.88060516
0.888432
0.88379526
0.85707057
0.8983474
0.87380517
0.89770174
0.8561185
0.8779218
0.8328644
0.89897573
0.8613497
0.8294014
0.3421405
0.48731261
0.8815309
0.33641398
0.74213827
0.78698754
0.83981675
0.43309832
0.62263936
0.90180176
0.86778456
0.8303112
0.8805952
0.8937637
0.878541
0.9012348
0.8978236
0.8990613
0.8935873
0.89453125
0.9143332
0.8840168
0.8847113
0.89081484
0.8663976
0.8457375
0.8921613
0.8860819
0.8934166
0.90148515
0.87778276
0.8713007
0.8954761
0.90553117
0.8990916
0.8703944
0.88002974
0.8125102
0.89694846
0.8612494
0.7394713
0.6129069
0.7736152
0.88355887
0.30868196
0.49157822
0.873918
0.88325405
0.66412497
0.81774825
0.8140546
0.84416044
0.8828559
0.8848907
0.88401926
0.89577955
0.8418328
0.87954736
0.8967434
0.9097618
0.8709425
0.89385456
0.8903887
0.8760684
0.8849229
0.85870177
0.8699875
0.88660717
0.89136285
0.899388
0.8949093
0.87667817
0.8996868
0.88306427
0.8926961
0.88437366
0.89042705
0.8628696
0.85631603
0.884665
0.8478934
0.8666142
0.43954796
0.36970547
0.8408541
0.74997646
0.3664433
0.7818141
0.53101784
0.79305327
0.883962
0.6481874
0.8896164
0.8281106
0.88294977
0.86974204
0.58534604
0.87296283
0.8804114
0.89629084
0.88113666
0.86930805
0.8312331
0.81295234
0.8349248
0.90082777
0.84436375
0.8726135
0.87394834
0.8660949
0.8878642
0.897571
0.8918847
0.8807653
0.8920512
0.9090673
0.8699875
0.9000797
0.8938246
0.8901395
0.86785424
0.8739614
0.8879649
0.8586352
0.7117147
0.565536
0.7852684
0.8406459
0.7573657
0.8618518
0.46543938
0.67985797
0.7919939
0.8467051
0.75199115
0.8730109
0.89286524
0.8959351
0.87850034
0.8943668
0.87263644
0.804195
0.87694496
0.8923344
0.9013393
0.88133514
0.8727594
0.87676734
0.88584226
0.88946813
0.87908995
0.7598926
0.87069446
0.88612384
0.88494605
0.8651061
0.8863018
0.89029
0.8749893
0.880371
0.8665172
0.8505799
0.8933614
0.8574158
0.86491346
0.86686856
0.7674721
0.80601716
0.23118761
0.72050226
0.27270335
0.3450808
0.85107946
0.86395633
0.87193316
0.5360099
0.9023745
0.88257825
0.8832654
0.8775984
0.7507624
0.8345272
0.8398006
0.8878135
0.8299367
0.87985176
0.89224386
0.8509396
0.86592984
0.86703116
0.9040858
0.88241494
0.9161977
0.87765086
0.90639406
0.88178587
0.8872483
0.89675486
0.8978876
0.88916945
0.9064165
0.8379249
0.85686505
0.8904923
0.8776204
0.87360674
0.6980935
0.8800183
0.8364749
0.7511002
0.7412088
0.60516477
0.7767786
0.21411555
0.87347686
0.78014404
0.44120234
0.78686404
0.87980556
0.8062845
0.88940006
0.89176065
0.8924488
0.8830061
0.8971165
0.8878531
0.86682546
0.8860453
0.8970857
0.9045241
0.86717635
0.89032197
0.8629869
0.8934171
0.88923
0.882744
0.88022524
0.9034648
0.87861055
0.9033825
0.9208763
0.87569153
0.90395844
0.88216645
0.8801392
0.90484405
0.8742134
0.9030162
0.86168176
0.8537915
0.675977
0.6872224
0.59388006
0.6244832
0.72207433
0.8347768
0.78567517
0.7200219
0.86149156
0.74828655
0.87940496
0.88684565
0.8015167
0.8891665
0.8666105
0.8775662
0.8531541
0.8783546
0.8468984
0.9000638
0.8867925
0.8917625
0.79766834
0.89470166
0.90629876
0.88641924
0.8722041
0.8530631
0.8751904
0.88841784
0.89794046
0.89687115
0.8929294
0.8978222
0.8836379
0.8887092
0.8677448
0.8987688
0.8808692
0.8817539
0.8641444
0.8766243
0.8494113
0.79065996
0.84682935
0.8626168
0.8598025
0.3709331
0.46444327
0.75092643
0.8829892
0.8672722
0.8718313
0.6524461
0.8593017
0.7691137
0.8395341
0.82827824
0.8929829
0.87673384
0.830383
0.8902361
0.90520585
0.56968164
0.8058603
0.88213664
0.8627487
0.8907063
0.87583286
0.8919075
0.884397
0.90018725
0.86132616
0.8973521
0.9046119
0.890466
0.9097273
0.8899157
0.9125072
0.8989167
0.8980902
0.86874163
0.8879043
0.87149626
0.88700604
0.80489224
0.640891
0.8530309
0.20723675
0.8289789
0.86603385
0.800247
0.78144705
0.85601324
0.84651005
0.31178048
0.8554754
0.905995
0.8918022
0.89775854
0.89097273
0.88320196
0.8782187
0.8450556
0.88793707
0.90182436
0.8940284
0.8817387
0.87669903
0.85564345
0.8753414
0.854644
0.8940008
0.88164973
0.89126587
0.8921849
0.90305996
0.8982292
0.88106006
0.89006877
0.8495592
0.90215415
0.8933164
0.8901516
0.86886406
0.8775515
0.8953513
0.8842819
0.8779607
0.8347823
0.85656714
0.6859244
0.16085692
0.70157367
0.19579397
0.87732375
0.7392419
0.8681943
0.81228817
0.82222277
0.88661504
0.83917475
0.88596237
0.9004586
0.8785425
0.86622244
0.8878821
0.89185596
0.89777637
0.8461497
0.8975541
0.89463854
0.8409286
0.9016878
0.8532284
0.8961731
0.89776313
0.8788018
0.8940147
0.9044379
0.9040849
0.9008795
0.8889243
0.91136223
0.86718136
0.9006899
0.89645517
0.90144664
0.8628328
0.8704256
0.8985685
0.8820277
0.7741512
0.86045325
0.8517449
0.53736067
0.32701752
0.8318969
0.8628006
0.5329396
0.79261047
0.8204939
0.45549843
0.8925229
0.89637804
0.8221229
0.8122613
0.859632
0.55414903
0.8145592
0.90633744
0.8839575
0.89828926
0.9147201
0.8653998
0.9064529
0.8940231
0.86288196
0.86611724
0.8828112
0.88532645
0.89368945
0.9004317
0.8922474
0.88112473
0.8957469
0.82053256
0.88453287
0.8982257
0.9020713
0.8989793
0.87859213
0.87463087
0.8896192
0.8881898
0.7854235
0.6331504
0.37084928
0.8636892
0.60796565
0.6243513
0.83509916
0.49632597
0.78185797
0.8430199
0.85824066
0.8636699
0.87713987
0.8828762
0.8839319
0.8902814
0.8806179
0.88480324
0.89478016
0.87927055
0.8877452
0.8477677
0.83963805
0.87680215
0.88506806
0.8936853
0.90096843
0.8717796
0.9046125
0.8833741
0.8968965
0.90453035
0.8683387
0.8926089
0.8835574
0.89053047
0.8863561
0.90281785
0.8884748
0.89449453
0.72410464
0.8968644
0.8795853
0.8707315
0.8695484
0.73409253
0.7440164
0.8197855
0.65558445
0.7736819
0.8775484
0.8259984
0.78434134
0.7752527
0.8712549
0.72256
0.8324993
0.88390654
0.9001361
0.89492375
0.84659284
0.88284457
0.8842622
0.91751385
0.9003079
0.9000603
0.8959752
0.90525186
0.8506253
0.8837343
0.88587683
0.8861694
0.8904104
0.8991446
0.87269217
0.8729776
0.8927242
0.8975852
0.84204847
0.88088787
0.8900053
0.88192564
0.8891331
0.89074177
0.88078505
0.85497993
0.78239036
0.8761639
0.44294262
0.39042255
0.78644377
0.19860333
0.7850223
0.8745657
0.86847484
0.87155575
0.8842917
0.88060313
0.8852296
0.8840184
0.862455
0.8699554
0.83578163
0.86822766
0.90235674
0.8851242
0.880654
0.8354893
0.86578465
0.8900431
0.90458214
0.8856586
0.91068536
0.8852482
0.8666998
0.8909402
0.89695954
0.8817884
0.883355
0.90920746
0.88534224
0.89471215
0.89714855
0.8748787
0.86356765
0.88012743
0.8528615
0.8983655
0.8106056
0.8358071
0.8568698
0.786252
0.38071597
0.42538598
0.8209254
0.78657615
0.889226
0.6308875
0.75276846
0.8780694
0.82145256
0.87684065
0.832711
0.8763764
0.86071754
0.8456243
0.86335486
0.878677
0.91610193
0.8835409
0.89676005
0.9105313
0.86702913
0.8778845
0.85905504
0.84511817
0.88538903
0.87827563
0.8782005
0.89770174
0.8935338
0.8936327
0.88197964
0.89823735
0.8502342
0.875894
0.8934769
0.8839903
0.8427436
0.8849172
0.8472994
0.8851185
0.8885132
0.8726654
0.47834307
0.8440003
0.16493976
0.50907165
0.7237897
0.85568565
0.8880566
0.66104656
0.8181846
0.8860609
0.84598106
0.8350315
0.88690186
0.8914719
0.908228
0.90274006
0.8900374
0.8676152
0.89607376
0.8941996
0.8873854
0.8929471
0.9066652
0.8674087
0.8669216
0.8863827
0.8767019
0.8812387
0.8876095
0.8776045
0.8896017
0.90047294
0.89648056
0.85539263
0.9054553
0.9014014
0.87812024
0.801011
0.9000198
0.8242498
0.87339675
0.82164174
0.35631233
0.40117064
0.8656363
0.3744752
0.84546244
0.84678954
0.20507485
0.8933363
0.87871665
0.80999845
0.7939096
0.8890084
0.8680547
0.90840393
0.89414763
0.8513781
0.90276307
0.9056179
0.8512224
0.903147
0.89435315
0.8669526
0.8439964
0.88711256
0.90432614
0.8775416
0.8966094
0.8709111
0.89201415
0.8894587
0.9038192
0.9031769
0.90267736
0.87638783
0.89670575
0.8828727
0.88012874
0.8325972
0.856624
0.88071114
0.8860646
0.88635105
0.81055796
0.8589902
0.7605656
0.86890656
0.49369997
0.7290033
0.8356919
0.3802
0.35201854
0.86095905
0.66073257
0.8929514
0.8891068
0.8906095
0.8965393
0.8919274
0.86433035
0.8959854
0.8834021
0.9128534
0.8932826
0.9060633
0.8971385
0.9036815
0.90900165
0.8817055
0.89081764
0.88797545
0.87265754
0.84892327
0.88909316
0.90299696
0.8943976
0.89448833
0.88362825
0.87399906
0.882877
0.9023959
0.8795312
0.7770307
0.8855029
0.8814287
0.8798368
0.75204253
0.72094333
0.4455926
0.82017004
0.8391953
0.88171625
0.33098757
0.7596974
0.86388934
0.6509877
0.83451796
0.86308837
0.89339
0.8871015
0.8864966
0.8850745
0.8845025
0.8927098
0.9003965
0.8841331
0.88469946
0.90550977
0.8548289
0.79739606
0.87420225
0.90456605
0.8804146
0.8616205
0.88408875
0.88894826
0.8941624
0.8964938
0.8894355
0.88573545
0.91114545
0.90902764
0.8932698
0.8677722
0.8959361
0.85781264
0.8815819
0.7320335
0.8871937
0.8742912
0.8713096
0.507562
0.42367467
0.77981925
0.4035719
0.86818075
0.76334375
0.77896637
0.8373808
0.8726576
0.89816415
0.7974413
0.6829785
0.86755985
0.88386935
0.88895774
0.89597005
0.8620076
0.88738006
0.84118617
0.87858397
0.90781564
0.8975696
0.8971048
0.8940088
0.8764607
0.8951897
0.8741067
0.8946294
0.87469167
0.8976711
0.8642014
0.8453427
0.9012684
0.8718379
0.8891693
0.861985
0.87803835
0.8942192
0.888717
0.8908946
0.88647354
0.66496575
0.83641464
0.86755216
0.25938624
0.8669765
0.42886984
0.8476556
0.81234694
0.86143416
0.8990574
0.79124963
0.8957677
0.8977014
0.85649306
0.8879017
0.8905274
0.8752472
0.8980815
0.9037238
0.89329344
0.8792914
0.8841536
0.8945813
0.90513587
0.88750994
0.89362717
0.8780594
0.899371
0.900476
0.8660337
0.8907883
0.88248485
0.8833342
0.8880258
0.8910444
0.89314586
0.87297255
0.8867843
0.88745004
0.872532
0.81848085
0.88725954
0.89766425
0.87143886
0.41344124
0.52158463
0.80528843
0.842684
0.6599388
0.77895856
0.29103643
0.68053925
0.8509621
0.83794755
0.8458021
0.8789788
0.8835076
0.8930889
0.8905008
0.86072874
0.8941847
0.87851304
0.87307894
0.9072335
0.8551908
0.91403455
0.79754436
0.8896591
0.8781765
0.9071112
0.8880351
0.89972
0.87843996
0.8943431
0.8858908
0.8693005
0.9077081
0.87967324
0.904202
0.90780336
0.90645885
0.8693133
0.74337465
0.8517587
0.8701745
0.875446
0.8701199
0.86311096
0.87980694
0.7780552
0.8428664
0.80933756
0.74343485
0.86672306
0.5343051
0.87653387
0.7700048
0.7669957
0.8788679
0.8506874
0.87703216
0.88990486
0.8879724
0.8722217
0.88270193
0.8682647
0.87642866
0.8858645
0.88643986
0.879559
0.8664362
0.91209114
0.86691564
0.8915918
0.884847
0.85655475
0.86601925
0.9006585
0.90041536
0.8810322
0.88992167
0.881991
0.8755601
0.8912491
0.89890397
0.80596864
0.80824786
0.89401025
0.8775251
0.8902108
0.86869645
0.87543017
0.8728273
0.80306524
0.8645286
0.30240455
0.86658216
0.6998557
0.64632934
0.7519529
0.76061374
0.37723023
0.8852573
0.8604855
0.8857322
0.8859575
0.87696004
0.8917766
0.8752768
0.90394646
0.89337784
0.8753302
0.88565296
0.90158993
0.8424734
0.8924594
0.8687588
0.85307354
0.88643634
0.9014648
0.87441987
0.8996015
0.89512575
0.88988674
0.8943607
0.89692754
0.88692075
0.8897187
0.8757938
0.899152
0.8971784
0.8901662
0.78540033
0.70899624
0.83783185
0.8234266
0.8329176
0.8322444
0.88519096
0.7000329
0.81567216
0.29705238
0.765404
0.87430257
0.8823243
0.8743344
0.90520996
0.88079065
0.8908463
0.89473474
0.9078106
0.90091276
0.88571906
0.8961499
0.8822173
0.8859059
0.8513217
0.87316847
0.849921
0.83112335
0.87157685
0.8788118
0.87666017
0.8728583
0.87392884
0.911575
0.90001607
0.8691026
0.9117524
0.8864274
0.82039917
0.8806546
0.8830572
0.88285285
0.8183366
0.5363448
0.87061834
0.7648809
0.48864964
0.881144
0.8460713
0.85352844
0.8550294
0.84657335
0.87785023
0.8912461
0.879605
0.8762039
0.89934015
0.9035133
0.89251304
0.23572692
0.8094337
0.87362695
0.8971604
0.8818613
0.9034264
0.89121544
0.8864567
0.86140656
0.9016508
0.8892719
0.90581036
0.8898538
0.841274
0.8769805
0.89192116
0.9088351
0.9002472
0.9067743
0.8892555
0.86527187
0.9188183
0.8948655
0.88767165
0.81614614
0.8937875
0.61302954
0.6678915
0.88285303
0.854421
0.85570145
0.86939013
0.87708175
0.89153475
0.5587809
0.7911365
0.766849
0.8807316
0.8625308
0.2724042
0.82861286
0.21224916
0.17764899
0.87852675
0.90247256
0.8775124
0.8040395
0.90256685
0.86013997
0.8626928
0.88251346
0.8891087
0.8944599
0.87748545
0.8250201
0.8766208
0.8836248
0.8959214
0.832591
0.84182984
0.8891336
0.8944348
0.90564907
0.8956738
0.90101814
0.889449
0.8906816
0.89028585
0.88298285
0.59942347
0.34989774
0.8734632
0.8807143
0.8810207
0.8704019
0.8188663
0.81188965
0.8477019
0.8692554
0.664191
0.88635576
0.28997663
0.72483075
0.7063035
0.22662508
0.60319597
0.6002406
0.8662861
0.8700059
0.30234945
0.82656264
0.9067889
0.8926142
0.87913936
0.881316
0.87131095
0.9065276
0.87729657
0.89996934
0.77137136
0.8545202
0.8443435
0.895043
0.90214026
0.8908283
0.892116
0.8812944
0.8968579
0.67399645
0.79461116
0.43492386
0.8573249
0.7944608
0.44087252
0.88994884
0.72933084
0.558926
0.4223871
0.68410265
0.5151353
0.6747059
0.7672425
0.2723899
0.12813443
0.7940994
0.24186453
0.5091762
0.56050485
0.7468088
0.43365458
0.52273494
0.27537143
0.8964484
0.8143066
0.87864536
0.89102995
0.8956197
0.892549
0.8482888
0.89438635
0.75469697
0.8693047
0.8918377
0.8772513
0.87153435
0.66273123
0.8991898
0.8853106
0.867579
0.8866395
0.88203084
0.88411343
0.70142025
0.6218364
0.23102164
0.89014715
0.47359794
0.8772198
0.870439
0.87637997
0.39709383
0.89321613
0.46133092
0.4295245
0.28182945
0.5365182
0.26154217
0.15960027
0.4912583
0.25796825
0.12046612
0.62160575
0.5685733
0.89188117
0.7969214
0.87796843
0.8365381
0.87866163
0.89092475
0.894896
0.8653686
0.8489724
0.8301021
0.85570484
0.85623914
0.88331205
0.90011007
0.88082504
0.8768608
0.91319525
0.8760521
0.88437116
0.9177648
0.83184874
0.8215641
0.885541
0.3428971
0.53076524
0.39268154
0.8699125
0.88162154
0.8598454
0.44264275
0.6079848
0.4885005
0.120212965
0.2970054
0.21835898
0.26601872
0.2620551
0.8146581
0.37742877
0.36136004
0.35095385
0.79895294
0.8855061
0.8944377
0.8444261
0.836312
0.9093542
0.9054259
0.88339746
0.87601155
0.8937225
0.86474574
0.8600689
0.89402604
0.8470412
0.87491536
0.9018559
0.8820999
0.8941446
0.89749575
0.8792025
0.8604574
0.8872095
0.63444644
0.31914163
0.8855234
0.65746313
0.50480556
0.43920207
0.43679696
0.7836567
0.5940495
0.23455656
0.86993116
0.47208014
0.15266545
0.15775034
0.44336388
0.5059332
0.76402736
0.81526047
0.5753802
0.8782047
0.864076
0.8810917
0.9099461
0.3325467
0.9002771
0.87192065
0.91217464
0.79298997
0.8861211
0.84010625
0.8764673
0.890424
0.86848754
0.8866635
0.87443006
0.8530723
0.8962659
0.88138574
0.9034836
0.87164855
0.878816
0.8926847
0.89388156
0.8455265
0.88959
0.8707305
0.7678527
0.87115484
0.49549147
0.81318355
0.86316776
0.3129641
0.87990427
0.31312898
0.11621106
0.8183012
0.30956686
0.44109783
0.31930816
0.5
0.8730038
0.6955186
0.87842065
0.74885607
0.89484614
0.89027005
0.8962183
0.8990644
0.90194094
0.9124159
0.90509856
0.80524224
0.87759763
0.8906584
0.8927662
0.837218
0.8936488
0.87735444
0.8785894
0.8497984
0.88989776
0.87688977
0.88467354
0.75345284
0.86451405
0.90619314
0.8904713
0.8954526
0.86418784
0.66617525
0.8486772
0.7409956
0.40878952
0.7366116
0.45032784
0.822859
0.6443256
0.2636745
0.1641811
0.35835943
0.83943504
0.8401803
0.28456452
0.8649645
0.886222
0.91222
0.8827234
0.9047684
0.89546615
0.34518394
0.8716438
0.901038
0.87706083
0.75010806
0.8278321
0.8912095
0.84152466
0.88114667
0.9015941
0.8680688
0.87542194
0.8811785
0.90095544
0.88740975
0.8745571
0.8752039
0.87775326
0.27652323
0.8729595
0.90316534
0.8315109
0.72616863
0.8625469
0.5
0.70984215
0.123003624
0.28858256
0.47288615
0.27818814
0.5
0.29621843
0.6248852
0.4056767
0.83164066
0.8531252
0.8896689
0.87075037
0.8306298
0.86992204
0.8963544
0.8991418
0.8866022
0.85552025
0.8853055
0.80032384
0.89185613
0.88650787
0.8477317
0.87711203
0.8811041
0.6177234
0.8588242
0.8835521
0.9048015
0.82793885
0.8745618
0.89226985
0.9083956
0.8137381
0.8745516
0.87239724
0.895237
0.89882106
0.8817641
0.8890773
0.16322435
0.7155084
0.19297889
0.18182978
0.2027319
0.2699218
0.5117435
0.8394381
0.1460769
0.7124427
0.40979138
0.84824425
0.8113245
0.84018314
0.87729526
0.86596614
0.88322824
0.88909745
0.88961047
0.893197
0.900365
0.9036625
0.8753326
0.9126626
0.8890898
0.8852678
0.8559487
0.8833372
0.8596698
0.89387333
0.8728456
0.9015514
0.8872852
0.8812417
0.88184196
0.8679013
0.90961
0.9020774
0.88481706
0.8879542
0.8821733
0.83372456
0.7504347
0.10700423
0.21950336
0.576057
0.2618053
0.65551335
0.41176927
0.47732836
0.12582695
0.819361
0.87948734
0.8314667
0.8434718
0.3678347
0.7480946
0.5828525
0.8172555
0.8940897
0.8969515
0.8873795
0.85571784
0.89651656
0.89827555
0.90524584
0.86617374
0.88726175
0.86723435
0.8907622
0.27491724
0.8873949
0.8727716
0.8507288
0.8695665
0.87035614
0.8944135
0.85105586
0.8912017
0.86452544
0.8757996
0.89166504
0.16268486
0.88420254
0.6303987
0.39982766
0.1519417
0.12394101
0.14217478
0.09151614
0.68544686
0.2559158
0.3541681
0.7918855
0.86351305
0.79081935
0.8809549
0.5
0.76247644
0.68776333
0.8921181
0.7592834
0.8413956
0.89718115
0.8882557
0.8989095
0.8791204
0.8768864
0.88740206
0.8349206
0.8970135
0.9050708
0.8537245
0.88711524
0.8651272
0.8833824
0.8735326
0.87309384
0.8796379
0.8813145
0.8944846
0.8774828
0.87973905
0.8921779
0.8894234
0.08680102
0.38303557
0.798979
0.39402395
0.884294
0.11001578
0.2330026
0.24582826
0.18371625
0.85128844
0.21950847
0.49186224
0.35800493
0.83942765
0.8575428
0.6246436
0.68163544
0.877895
0.85043824
0.86683655
0.8770854
0.87808836
0.8959015
0.88563406
0.7557917
0.8982676
0.90642107
0.8649327
0.7746279
0.8695508
0.89842445
0.47897315
0.8426258
0.86814433
0.8949264
0.865271
0.8778816
0.8935123
0.88235164
0.8901704
0.806739
0.8367913
0.28937063
0.8708735
0.8488066
0.76798284
0.6899209
0.6989203
0.17513008
0.15800405
0.81093615
0.1922794
0.5
0.3705718
0.87143755
0.2633707
0.18182057
0.6742953
0.4916457
0.5363304
0.8795715
0.7880434
0.8558668
0.8932286
0.88246304
0.89118314
0.86941624
0.88157225
0.88552934
0.87328863
0.90373176
0.89945406
0.895302
0.87860936
0.85863405
0.89322174
0.88782734
0.84807396
0.6979509
0.88262415
0.89737463
0.90081257
0.8114115
0.89750177
0.88484186
0.8719877
0.88658065
0.18465342
0.17339332
0.22924778
0.7684352
0.24691445
0.24961424
0.74239767
0.17377247
0.15061596
0.8175586
0.5
0.9047713
0.34764424
0.8842769
0.85835904
0.88984644
0.86700714
0.77411264
0.85948586
0.85532737
0.8735313
0.81885964
0.8764529
0.11360552
0.89663553
0.9135004
0.86694324
0.87397164
0.82652587
0.7268019
0.86550313
0.7740797
0.8495219
0.89826804
0.8741845
0.8826581
0.89964455
0.8913371
0.25183013
0.88180995
0.88517547
0.84490806
0.8815598
0.20402808
0.1760589
0.23862265
0.8402764
0.5951054
0.88841176
0.86383265
0.64926624
0.4458651
0.15457584
0.23418199
0.3188939
0.8646903
0.4800915
0.8342419
0.29006505
0.8781195
0.88152343
0.883682
0.87672424
0.8851395
0.7624974
0.86613655
0.83738375
0.84810907
0.89707744
0.90113944
0.8751507
0.89551044
0.7865667
0.8915282
0.86312914
0.76695555
0.7901038
0.83843553
0.8758483
0.8797309
0.8655699
0.8678601
0.65422213
0.86038065
0.82484794
0.867446
0.86615765
0.82721925
0.69995165
0.7867996
0.18571505
0.8783348
0.31046948
0.5345863
0.8660278
0.65294755
0.20080292
0.6925971
0.8813789
0.54034954
0.28266266
0.411344
0.52911496
0.8462018
0.8707959
0.8842082
0.885112
0.87615365
0.87755877
0.9087464
0.8788696
0.8662866
0.8839312
0.89211327
0.87851137
0.86364096
0.8264135
0.89377946
0.87068
0.8956622
0.32057175
0.8284951
0.88888615
0.87693083
0.8379489
0.7742875
0.1799075
0.74132925
0.8782049
0.8244083
0.77224976
0.37962636
0.76828545
0.43348125
0.26758704
0.84824204
0.48261824
0.43885767
0.3960551
0.30700168
0.37757036
0.3590359
0.46126568
0.3113873
0.8690594
0.8550918
0.84340507
0.85418594
0.7506332
0.8979728
0.87059176
0.8791716
0.89157885
0.8819201
0.8947817
0.8898497
0.8227235
0.874861
0.85748535
0.8896969
0.89441
0.87976336
0.88750374
0.8763847
0.8543537
0.8368263
0.8765623
0.8614479
0.74890804
0.6647512
0.7496386
0.78881675
0.8892751
0.35524854
0.8598113
0.18764727
0.23606732
0.6211613
0.09956196
0.5
0.2909281
0.2756557
0.6392914
0.6579349
0.19420438
0.86351967
0.7928173
0.5510242
0.80152774
0.8757107
0.86995095
0.83381206
0.88954467
0.8982639
0.8968134
0.89278084
0.90024066
0.88347644
0.8777585
0.8623048
0.87588185
0.89524764
0.8707361
0.7647999
0.8737686
0.88802814
0.8234549
0.8419646
0.89540136
0.29050297
0.82732445
0.899021
0.8569323
0.31366268
0.86030257
0.85181177
0.8438187
0.7059796
0.8515476
0.09262345
0.83435214
0.43483043
0.40441033
0.5
0.5
0.5314783
0.48151168
0.8546014
0.37327945
0.73277855
0.82192063
0.76616985
0.82775414
0.47912744
0.8788137
0.850986
0.88895303
0.87468994
0.8778204
0.88085014
0.8593215
0.9051067
0.88221467
0.8857452
0.8266344
0.5589957
0.8892709
0.88404626
0.8837068
0.73082024
0.86215013
0.81883466
0.2459535
0.78892636
0.8845576
0.87859666
0.1830898
0.8692414
0.16225383
0.76152617
0.8855204
0.7988855
0.7329697
0.45216924
0.31730837
0.41350788
0.25018734
0.5134052
0.16511765
0.29937726
0.41229022
0.3238852
0.36434093
0.8581422
0.8673477
0.7789054
0.87293696
0.84915245
0.7883821
0.8679246
0.8903671
0.27696827
0.8865313
0.8891571
0.89762306
0.87538856
0.81681585
0.42200682
0.8730129
0.8770731
0.8834539
0.88699406
0.79962647
0.8752204
0.8687846
0.09781166
0.81016093
0.80429137
0.8549996
0.74112165
0.8629445
0.8331395
0.87398505
0.8443857
0.8741243
0.16628864
0.25646213
0.6711723
0.12158659
0.43156025
0.7600451
0.5447663
0.44330493
0.18515313
0.6352644
0.30600244
0.5501051
0.62995934
0.85320777
0.7810695
0.8525374
0.8745843
0.88985425
0.88752204
0.8893382
0.89781433
0.87830245
0.9055272
0.845276
0.8419386
0.36243066
0.8846744
0.81380934
0.747437
0.885081
0.7299743
0.8843569
0.60096467
0.89034814
0.8257964
0.8121519
0.8684775
0.8342947
0.7476322
0.8071727
0.31322974
0.26200488
0.8449227
0.2438678
0.1303112
0.3314408
0.20218621
0.5
0.8935737
0.17366666
0.8933097
0.7265933
0.40795204
0.4922953
0.8809197
0.8774184
0.8795973
0.8362331
0.87593216
0.86705554
0.8953644
0.8586169
0.9002556
0.2338505
0.8868779
0.87267566
0.89458716
0.81323916
0.86628836
0.874317
0.4594584
0.78352547
0.7649617
0.89816356
0.87585557
0.8710069
0.5875899
0.86035955
0.8787554
0.8632598
0.8917606
0.11959636
0.87663776
0.11646216
0.8320667
0.46038347
0.3798306
0.196923
0.18555522
0.1982336
0.19673553
0.4319048
0.8157109
0.71903896
0.17348507
0.17459537
0.4426843
0.7613753
0.79247606
0.762464
0.8856834
0.83549595
0.8808418
0.88265616
0.8636592
0.90217966
0.9060488
0.88108087
0.8814374
0.8885405
0.8529875
0.83935845
0.847467
0.86031085
0.80977374
0.8946708
0.8618659
0.8308902
0.33090326
0.17544666
0.71491945
0.86093694
0.7837228
0.8714757
0.8977302
0.8854759
0.19847077
0.7686247
0.13671674
0.6896275
0.3451583
0.17242251
0.22475497
0.46260923
0.16643378
0.36684585
0.21716863
0.5
0.4114088
0.3031711
0.49119982
0.8362863
0.8911658
0.58907294
0.8713558
0.89928406
0.8011756
0.9024367
0.88215333
0.8751872
0.8884504
0.8912019
0.8702348
0.86499834
0.8948685
0.9125269
0.8903919
0.75420237
0.71717054
0.8318127
0.8425058
0.8637595
0.22341208
0.87234336
0.8701048
0.8004338
0.9002407
0.1732862
0.8606044
0.262608
0.26283142
0.09253351
0.23597355
0.65274525
0.33831125
0.13197146
0.56319076
0.20253727
0.7871198
0.111532226
0.18127462
0.37441084
0.5
0.81986725
0.26823947
0.48461732
0.7186999
0.7288212
0.8798083
0.85190004
0.11179793
0.8814286
0.4870867
0.8798115
0.8815473
0.8740663
0.90323365
0.78926986
0.47832206
0.87329227
0.8676564
0.7476729
0.8294225
0.8488438
0.8167704
0.8649045
0.72076976
0.7240866
0.84802395
0.87442726
0.88109756
0.87283415
0.7099211
0.679843
0.4195111
0.37902743
0.23759064
0.16787447
0.40645382
0.17324495
0.23547757
0.47564393
0.54245657
0.85962194
0.49188235
0.19364077
0.42425826
0.854618
0.65129566
0.8610377
0.8727475
0.88001543
0.8686656
0.8846808
0.74432224
0.7766044
0.8784601
0.88511664
0.8829424
0.8908292
0.8786182
0.87605107
0.7691834
0.8021955
0.67574304
0.6352077
0.69400585
0.82089984
0.8920592
0.8504078
0.8648053
0.41495642
0.18257265
0.8788355
0.5603453
0.7653298
0.4581565
0.23760077
0.19099522
0.09398454
0.18163961
0.33279055
0.11134409
0.13995013
0.3262644
0.70287216
0.8145942
0.12656687
0.4404495
0.33035386
0.8849749
0.80407643
0.5
0.826536
0.86917144
0.8420592
0.88075393
0.89710706
0.89099723
0.8759769
0.8729247
0.4967627
0.8929247
0.78215253
0.50311005
0.3516358
0.8100536
0.84448564
0.2636122
0.8893505
0.88832664
0.8490764
0.89870733
0.79258037
0.7209996
0.21407087
0.47783688
0.13691553
0.81957775
0.598816
0.46477163
0.16811247
0.10007282
0.33568734
0.28120774
0.15159985
0.16683261
0.5
0.5
0.22919299
0.53687453
0.20755152
0.302449
0.5
0.8234859
0.88890046
0.5492654
0.8697951
0.8655209
0.85743785
0.8856273
0.88270575
0.87444586
0.80674064
0.876655
0.3409245
0.5601866
0.84002835
0.8645684
0.75502604
0.55651706
0.59393454
0.86129016
0.86235225
0.85789937
0.8024665
0.48520088
0.71954113
0.7889146
0.8790595
0.13083433
0.35700577
0.36683172
0.8278169
0.49145827
0.14724323
0.22824992
0.3881261
0.35964432
0.18209638
0.13988313
0.3185665
0.18382642
0.6839561
0.35220107
0.27653635
0.83860385
0.7641939
0.83401793
0.86833054
0.81347257
0.89481443
0.87883526
0.8903002
0.9199881
0.89096826
0.86940426
0.81753665
0.7096295
0.8431444
0.32074142
0.77862173
0.6487737
0.41301888
0.9045668
0.841948
0.8280408
0.8785695
0.7980118
0.8705785
0.88628805
0.8958182
0.7949532
0.24292228
0.8512144
0.10345295
0.4719623
0.5
0.13827156
0.25590935
0.1898888
0.32222477
0.34881586
0.45695058
0.24528214
0.33308592
0.18448159
0.5725967
0.2517228
0.4207438
0.32135674
0.8526205
0.7881514
0.8762582
0.8892641
0.8824329
0.8851311
0.87573016
0.87303734
0.71991295
0.87300354
0.84784514
0.8330101
0.4487093
0.89985687
0.84998715
0.21326162
0.4517018
0.80490816
0.89971143
0.845518
0.8807366
0.90189993
0.7554076
0.5
0.87527287
0.8660526
0.11001947
0.2346452
0.266919
0.8730212
0.11693829
0.16134812
0.5
0.5334795
0.18705451
0.16628884
0.12881844
0.19953176
0.15390383
0.36886078
0.21285567
0.5949199
0.1631858
0.5
0.14230612
0.8559246
0.7926393
0.8845846
0.7696986
0.8800173
0.8957147
0.88552904
0.74206406
0.64769715
0.87396467
0.84518635
0.8641951
0.7146473
0.75016296
0.4112042
0.8644786
0.8858244
0.74112403
0.89782155
0.43168363
0.8547901
0.40995988
0.8742362
0.85519415
0.8770274
0.7815823
0.10551715
0.60975325
0.18568356
0.14613818
0.42171225
0.5
0.5
0.16875301
0.17021109
0.4102782
0.16875003
0.47600245
0.8200646
0.2216246
0.5227791
0.1647014
0.60344774
0.85972184
0.86614865
0.8947133
0.88521695
0.8687684
0.8692392
0.85451245
0.8753536
0.7198646
0.2137596
0.75136644
0.2585142
0.5777247
0.65503854
0.5242214
0.8814577
0.35255817
0.77900285
0.85958594
0.86769176
0.86776763
0.8035577
0.8919936
0.863445
0.20103529
0.101169266
0.3486524
0.5639733
0.18393765
0.14519514
0.14880107
0.2693703
0.5
0.8049199
0.105463564
0.12537608
0.14497466
0.4791466
0.46626946
0.6672075
0.8689745
0.81584775
0.6441675
0.8953833
0.8847803
0.8766253
0.80070543
0.8742217
0.86826605
0.80127645
0.8610805
0.8866576
0.8759651
0.8839461
0.8898051
0.7859793
0.886029
0.32478103
0.85085684
0.3441274
0.24592291
0.83814955
0.38139513
0.70084554
0.78963095
0.86930317
0.22448316
0.8695917
0.8383893
0.33708316
0.37269893
0.16790085
0.20437084
0.25606933
0.5239309
0.5
0.342216
0.104952924
0.1431284
0.13561894
0.41747415
0.4377134
0.32630017
0.12378911
0.561379
0.33151057
0.7537506
0.8389564
0.86853975
0.84470516
0.8574188
0.85421187
0.8014254
0.7915932
0.8591504
0.7726107
0.12460828
0.75193274
0.8736217
0.43809816
0.71171504
0.68948257
0.86121994
0.833936
0.86175716
0.8644968
0.88050896
0.5848769
0.8576493
0.29164973
0.1734111
0.283863
0.28490123
0.1764595
0.16759323
0.34164178
0.16352238
0.27978018
0.15309057
0.45177057
0.37884146
0.24455576
0.15160586
0.39181724
0.4655481
0.28577876
0.3007374
0.13748029
0.84763944
0.19495428
0.3440832
0.12746496
0.7483083
0.8348161
0.88677746
0.8825681
0.8574289
0.34634033
0.8825673
0.7187669
0.52181476
0.7154024
0.41698554
0.89891267
0.4576472
0.1457481
0.8732949
0.27924854
0.88641125
0.8822465
0.9100382
0.4384581
0.8323075
0.3214879
0.33446315
0.17531191
0.367086
0.3996777
0.8938622
0.20954145
0.1776751
0.10404345
0.23692371
0.2139512
0.41041142
0.2094508
0.43536475
0.78338677
0.64799786
0.85627294
0.8510538
0.7336302
0.86471367
0.89026165
0.81064564
0.23933783
0.7857395
0.59846693
0.88297635
0.8791453
0.6375784
0.8461981
0.59596616
0.5
0.2716584
0.88733673
0.8783834
0.8553222
0.8499731
0.891597
0.14657526
0.87046605
0.87728095
0.8845342
0.5952485
0.8589831
0.8604113
0.8470408
0.20628512
0.31411654
0.87963355
0.102650136
0.19974682
0.66263807
0.38827246
0.5
0.16968246
0.45073587
0.37185633
0.1563033
0.18405998
0.2727011
0.46781504
0.16469356
0.8276684
0.38185325
0.09619197
0.19949986
0.83374065
0.68946844
0.7614017
0.7466661
0.83598536
0.10644026
0.7598046
0.28899336
0.8488248
0.8757811
0.8648694
0.86946166
0.09198523
0.8612549
0.6967622
0.77503467
0.79080427
0.87197065
0.8407545
0.8722982
0.13508464
0.06663863
0.87355036
0.30394536
0.3914161
0.1395759
0.1717703
0.14851815
0.13175987
0.30989856
0.23222545
0.12695612
0.2544076
0.30221143
0.86497307
0.8974104
0.30812937
0.09346901
0.13511458
0.5427896
0.11853847
0.3754525
0.76510286
0.8710241
0.84642273
0.87390125
0.88570505
0.28377712
0.18793282
0.54120284
0.90151024
0.543942
0.6922931
0.8531439
0.8177204
0.81713855
0.8093296
0.8691072
0.8623367
0.9002962
0.7679426
0.86073905
0.7604136
0.8733811
0.84287745
0.38792637
0.1346323
0.2104295
0.5077546
0.20204334
0.8502875
0.21956995
0.5752709
0.10144642
0.14719073
0.25465226
0.33477664
0.13719605
0.8661067
0.17986597
0.8710944
0.6725535
0.15992743
0.3194161
0.07865388
0.8725445
0.4299585
0.13524173
0.17054011
0.33083847
0.25042143
0.35259107
0.8820005
0.65205264
0.8421663
0.8988625
0.88469845
0.88355696
0.9079597
0.85925066
0.51013213
0.8806449
0.36777467
0.70049125
0.8882272
0.8696701
0.828229
0.17311974
0.40568998
0.7700263
0.884762
0.8674947
0.83880216
0.42167857
0.39376417
0.23554826
0.16393983
0.26665244
0.44219628
0.18295431
0.15889807
0.5637369
0.20948926
0.13112104
0.5
0.84735394
0.48246458
0.29376584
0.17871237
0.16917431
0.12952869
0.0713334
0.16668026
0.29402357
0.5
0.87688726
0.8437886
0.85650223
0.8318586
0.90106463
0.8006696
0.69580156
0.88973045
0.8331448
0.87456554
0.7711037
0.14379422
0.8582969
0.65832853
0.8488203
0.8296911
0.86182266
0.85793525
0.8065307
0.7278926
0.15845318
0.14195614
0.11147203
0.30730966
0.86765105
0.18480018
0.37387118
0.27111042
0.27927038
0.099673346
0.4040504
0.34585905
0.8881574
0.21321215
0.13766086
0.121256486
0.11462791
0.10199067
0.23818058
0.09618985
0.2532734
0.5
0.8714878
0.8415598
0.8527712
0.824778
0.8582416
0.879777
0.790701
0.8801204
0.8606406
0.8256097
0.8971275
0.86413985
0.84864634
0.21998243
0.5859441
0.5
0.19546038
0.8751796
0.717831
0.2729345
0.14986685
0.08594383
0.31198585
0.13472216
0.1336766
0.29068318
0.24623725
0.12720764
0.29540682
0.1509894
0.11422381
0.39135817
0.23646443
0.88276875
0.2192346
0.22228603
0.120714255
0.84731025
0.20969623
0.3146348
0.06643376
0.10078366
0.88809866
0.9007672
0.8567147
0.885371
0.7930367
0.88178605
0.8891553
0.86780983
0.40086782
0.45468056
0.8502027
0.17001446
0.8234269
0.8327095
0.12298394
0.891614
0.19576938
0.62479913
0.62743396
0.17688864
0.46330854
0.08791368
0.24515152
0.2430395
0.35419285
0.29575527
0.15127358
0.30189738
0.47311357
0.07027638
0.1888477
0.2414269
0.20112416
0.082762964
0.4342052
0.07618391
0.11859871
0.099615075
0.21763259
0.07917347
0.099256955
0.8571483
0.7666902
0.85587656
0.88050294
0.8910757
0.9031495
0.8511096
0.18932298
0.77467495
0.54853296
0.73320335
0.8373545
0.37226918
0.5405609
0.28568465
0.22806025
0.24986336
0.32789576
0.1803477
0.12619284
0.18747789
0.14976624
0.13364567
0.5919567
0.3406143
0.11557493
0.24999478
0.114512846
0.11342739
0.16229072
0.13160829
0.18268424
0.13431086
0.34305203
0.1582181
0.13459186
0.14155729
0.058420137
0.30746788
0.23678114
0.8968001
0.88287455
0.89262116
0.9106355
0.7130103
0.86914307
0.35438547
0.89388895
0.8403949
0.7084809
0.81093895
0.8812496
0.20014694
0.1354362
0.17884594
0.5507208
0.17895304
0.4482556
0.20420475
0.10393348
0.36440295
0.1362968
0.2249899
0.06293558
0.20706245
0.13622934
0.081260815
0.108384684
0.12040471
0.3612178
0.09313758
0.14871414
0.091449864
0.31364852
0.09676683
0.07846101
0.10870508
0.12451086
0.19666503
0.8970714
0.85390913
0.80054593
0.77433974
0.8687657
0.8738273
0.8182286
0.83962303
0.25053814
0.88097197
0.6954425
0.1550604
0.77142966
0.49193934
0.2807178
0.2338304
0.099558085
0.17177384
0.09287104
0.44531986
0.08294624
0.33648086
0.123160124
0.5
0.19689141
0.19634853
0.15981881
0.0869798
0.077218205
0.11941159
0.1117467
0.23748828
0.07908283
0.17657894
0.13478015
0.25086686
0.16795355
0.3706298
0.8559274
0.85726106
0.59609115
0.46164766
0.5165826
0.8958523
0.7858438
0.86484563
0.5
0.25542322
0.8331772
0.35847446
0.14012536
0.20799161
0.1983143
0.12879153
0.27138174
0.20085274
0.2710619
0.12559545
0.18454137
0.11105682
0.10133018
0.3243129
0.32448497
0.17388865
0.13590597
0.8482521
0.15703917
0.17752959
0.17843242
0.17494275
0.1809278
0.18874483
0.24812792
0.12056984
0.21803196
0.84726334
0.54737467
0.8675132
0.8239745
0.8650214
0.8852026
0.77489173
0.67856985
0.19707495
0.8802053
0.15204756
0.8977168
0.18582667
0.15048346
0.10981911
0.17654392
0.105828665
0.14859457
0.11957953
0.15508822
0.11909441
0.2231397
0.23934609
0.17408781
0.25182506
0.14880505
0.07561093
0.120359786
0.10577898
0.06585661
0.12280591
0.089562245
0.1309306
0.23340921
0.2673605
0.9038965
0.8156256
0.63924164
0.8818985
0.39068028
0.09838209
0.0828126
0.13630937
0.27997828
0.2722568
0.19213477
0.13747768
0.19090316
0.09514163
0.0968314
0.17909649
0.10071349
0.1044303
0.09667699
0.12558971
0.102568835
0.13834621
0.10590613
0.13340537
0.122753955
0.25109193
0.0679389
0.045730166
0.13628006
0.07922261
0.14656682
0.09360948
0.14528453
0.75182253
0.8230457
0.87356466
0.7399642
0.9018485
0.5527861
0.37158656
0.2762816
0.12284139
0.24959739
0.18713953
0.09942431
0.09907824
0.06194311
0.16718449
0.111189984
0.09019155
0.07691366
0.10833923
0.08953618
0.1911521
0.09544691
0.15700896
0.09607256
0.15004124
0.26965973
0.14741017
0.13463971
0.12603024
0.15427405
0.4623047
0.8744934
0.51463115
0.71253335
0.7956921
0.39366826
0.28165302
0.18814124
0.060465835
0.10288134
0.10194381
0.08567194
0.13137747
0.14514725
0.11169597
0.10350771
0.0913149
0.07333957
0.09958801
0.09568022
0.0519898
0.093412235
0.11275548
0.07658527
0.15584365
0.1122383
0.13273874
0.07790489
0.11077214
0.09774268
0.8705936
0.8399726
0.8894198
0.02968308
0.33707482
0.7536408
0.05807708
0.23784709
0.19450557
0.08723017
0.08043303
0.085127145
0.15160051
0.10113376
0.118921615
0.07384967
0.058400765
0.03946643
0.071338035
0.16292964
0.11349875
0.066477716
0.073080726
0.1052614
0.2120997
0.18401086
0.07569464
0.8875452
0.89278567
0.23468146
0.11941198
0.10631169
0.2967984
0.10823433
0.054120746
0.08525294
0.10163563
0.07396795
0.06837174
0.104136966
0.098250814
0.1279179
0.07699941
0.06339114
0.13579993
0.16117121
0.09191621
0.067557395
0.20287316
0.17178425
0.18703564
0.74645805
0.082326666
0.09601018
0.24297582
0.09935988
0.11320195
0.14154515
0.11824314
0.09670482
0.12253144
0.06334231
0.10677651
0.071029335
0.08685412
0.107535854
0.09129041
0.10834897
0.15357868
0.05190988
0.754229
0.1095756
0.09428342
0.11294773
0.095940135
0.1118934
0.040929124
0.08112929
0.10842925
0.06776595
0.051686157
0.067699075
0.09564146
0.14034621
0.12363456
0.132048
0.15874797
0.086014345
0.1639062
0.062152345
0.86766815
0.88885874
0.24507387
0.83851296
0.16057555
0.64074355
0.54542315
0.6626944
0.7922485
0.45825624
0.5182153
0.5393591
0.8327951
0.84173834
0.884228
0.87675166
0.89818233
0.8940981
0.9006234
0.88692164
0.84834915
0.9097615
0.8823551
0.90257674
0.8185222
0.8758068
0.8862694
0.8887134
0.87819403
0.86551726
0.886821
0.89695007
0.8437583
0.15218736
0.31937194
0.6002434
0.794927
0.8359804
0.8700677
0.5
0.8228031
0.17473228
0.78186184
0.54417616
0.8812896
0.46856466
0.5417109
0.8701933
0.7990209
0.90207994
0.86958814
0.90516394
0.89748746
0.89149106
0.896407
0.8908632
0.8905764
0.8893438
0.9074674
0.8875968
0.9130675
0.86527765
0.89340734
0.22749113
0.31452686
0.22828722
0.26454657
0.87804425
0.85780746
0.81396556
0.80617005
0.8619306
0.19466844
0.29650956
0.5201283
0.25277847
0.5387971
0.7116376
0.741198
0.8954071
0.8483306
0.89388496
0.86251575
0.88559115
0.90080404
0.8895368
0.90414387
0.82349175
0.89015555
0.7981274
0.88437444
0.8587954
0.8882144
0.81552535
0.103267066
0.22970007
0.85570735
0.081267655
0.8801128
0.26132798
0.86781275
0.37568444
0.4942901
0.12617828
0.6636181
0.46222138
0.59984714
0.29625696
0.75100744
0.78973424
0.8632288
0.72320783
0.85553133
0.89305913
0.9004152
0.8957272
0.8926121
0.89690995
0.8952624
0.8425185
0.8849044
0.875555
0.8645938
0.7204507
0.8072006
0.13799006
0.8901407
0.17347527
0.7124319
0.21173614
0.6483433
0.8657609
0.18723989
0.18749893
0.8655131
0.5303094
0.85681266
0.18228294
0.26962873
0.8511837
0.7223503
0.82447684
0.889507
0.2960309
0.7929749
0.84994155
0.8867596
0.8698592
0.8732757
0.85770065
0.91435885
0.81870204
0.87285453
0.8524066
0.8198114
0.8856244
0.24799518
0.8893443
0.32666984
0.16175038
0.49937508
0.8154787
0.8002636
0.86701477
0.8232193
0.87635726
0.87021637
0.8934086
0.8170953
0.8986592
0.83266586
0.9035871
0.8781735
0.8850634
0.8320952
0.8520787
0.91006553
0.8881926
0.72586876
0.86099255
0.88728005
0.7565704
0.7605834
0.8060962
0.8638008
0.32558727
0.4132032
0.89690876
0.14739944
0.31235942
0.5921256
0.8489218
0.87441576
0.8020117
0.3304817
0.8729178
0.78955454
0.8902975
0.8938614
0.88690835
0.86247617
0.8857761
0.8588736
0.89990467
0.8892086
0.88636595
0.8784208
0.8902576
0.88063765
0.75969875
0.8516025
0.89525
0.8802306
0.7862203
0.8766992
0.48995167
0.3535047
0.87253135
0.2656544
0.26449317
0.73366255
0.5979105
0.8436132
0.8651928
0.8831862
0.8965186
0.8780321
0.8613513
0.89013433
0.89863145
0.9035281
0.8994873
0.87738454
0.8833052
0.9073389
0.90074223
0.8795806
0.7903163
0.8779909
0.8924648
0.8760025
0.9054855
0.87655604
0.21848553
0.86558324
0.8860778
0.13311076
0.3969256
0.86862814
0.49862286
0.12760232
0.4134004
0.87821364
0.5597234
0.7293603
0.86969405
0.4702548
0.8594503
0.8856966
0.89626265
0.88471913
0.88924336
0.9019281
0.88098234
0.8730682
0.9113864
0.8973803
0.7335055
0.89136493
0.67778736
0.88961416
0.8036061
0.82415116
0.9113937
0.88248837
0.8469167
0.8502505
0.31547347
0.47583288
0.1605144
0.4346814
0.16950269
0.3745458
0.86127335
0.87711126
0.86648905
0.8719383
0.86983573
0.8831971
0.8655291
0.8975953
0.6823447
0.8757156
0.8074154
0.873762
0.8741165
0.8965045
0.89455795
0.8679244
0.882537
0.7129926
0.6864992
0.76465946
0.89977115
0.55848503
0.7953239
0.7874072
0.16989964
0.12367767
0.42144775
0.44902283
0.25110617
0.8623349
0.46593416
0.87994415
0.7418524
0.8933673
0.84227234
0.88900834
0.9012659
0.89406025
0.89182687
0.854606
0.885711
0.8984965
0.8681067
0.8885635
0.8814269
0.6086581
0.85869545
0.4213751
0.862386
0.85883206
0.8834895
0.7115519
0.25784108
0.09275481
0.455474
0.13802585
0.20662053
0.3943277
0.8637695
0.2306562
0.8928859
0.30931485
0.8926439
0.84033036
0.4185
0.87619567
0.8809768
0.8540115
0.86708313
0.892725
0.88850915
0.80373526
0.8471436
0.87346303
0.82039744
0.85943156
0.85213095
0.7359268
0.7840279
0.8045224
0.8832327
0.87862444
0.41819566
0.8685327
0.3268655
0.14971642
0.27518833
0.21110493
0.22515346
0.2788713
0.7241305
0.8741193
0.8467031
0.881501
0.875778
0.75935334
0.8771725
0.8885762
0.82644826
0.88810843
0.89199924
0.8738351
0.89454514
0.82074666
0.821764
0.82644314
0.8146184
0.7293194
0.7417633
0.79605645
0.23946126
0.71577716
0.4203445
0.19909759
0.503751
0.13779992
0.20259367
0.22029744
0.47523144
0.8512991
0.85877633
0.89586735
0.8613271
0.24256462
0.85647434
0.8692468
0.8839124
0.8134837
0.8761922
0.89757925
0.8877219
0.8886861
0.8895823
0.8999509
0.87370056
0.8608649
0.8646005
0.89110124
0.8337078
0.27424967
0.8897818
0.073928654
0.31373802
0.44653413
0.46159825
0.80853915
0.19814028
0.26386485
0.2734145
0.8290851
0.5591787
0.82407725
0.8692769
0.85677695
0.8001281
0.6528159
0.89979106
0.8620402
0.87524855
0.9022692
0.88587564
0.86266613
0.90217596
0.88966936
0.79005945
0.85921454
0.59871536
0.5612515
0.6752962
0.85827804
0.4393147
0.4366487
0.88129556
0.3085288
0.6241591
0.29275903
0.8754059
0.8477566
0.8764543
0.80757695
0.8848206
0.8642544
0.8687782
0.8815735
0.86251014
0.88886315
0.88420075
0.9052772
0.8892708
0.88714904
0.8949164
0.59416825
0.871696
0.8324289
0.881844
0.87539166
0.8659353
0.5118491
0.78949136
0.1778675
0.35263312
0.15593797
0.5
0.17832637
0.5
0.6944225
0.90460825
0.88069123
0.7953606
0.8595626
0.8558667
0.8788953
0.8601241
0.8986774
0.9015861
0.8832707
0.9048491
0.90740234
0.8134872
0.85498697
0.8712436
0.861934
0.8785889
0.89004356
0.433959
0.81441647
0.8815471
0.8628308
0.11952342
0.8529436
0.8013689
0.53165054
0.5218857
0.35751623
0.87200475
0.8138754
0.86980045
0.89132214
0.8859169
0.8780487
0.8980202
0.8983047
0.8795794
0.87218636
0.89848363
0.8893968
0.86940193
0.8614839
0.9056665
0.8724297
0.629252
0.8696423
0.6858883
0.8836445
0.8461022
0.8629671
0.3172305
0.8852904
0.23840873
0.6758459
0.2158682
0.8216153
0.89725554
0.8606086
0.84360784
0.87529504
0.8086643
0.8900327
0.86484915
0.8952053
0.85659057
0.87602174
0.8970839
0.85957134
0.8663521
0.8430807
0.89628994
0.81286097
0.8808801
0.84768444
0.63092035
0.8504904
0.11264438
0.39731014
0.60454905
0.5838477
0.1057122
0.26580286
0.55414736
0.14080873
0.8712809
0.8911574
0.79299134
0.8416235
0.8898632
0.8952736
0.89572316
0.87776005
0.8893253
0.8637591
0.9013455
0.87810975
0.90426767
0.88583773
0.83408946
0.65062296
0.6980761
0.8522177
0.2722782
0.4167052
0.87910885
0.14859506
0.13281132
0.8949923
0.8812272
0.746828
0.8837719
0.38272706
0.8543935
0.8784671
0.5458465
0.8095964
0.8836517
0.9037607
0.88755226
0.88816184
0.8723205
0.8813913
0.8383432
0.8380139
0.8428764
0.83605224
0.8847559
0.82738894
0.8001685
0.85557705
0.5793376
0.4236795
0.1564331
0.68845344
0.5486375
0.47683993
0.4201629
0.15612188
0.86808765
0.58927315
0.8975103
0.87552196
0.870704
0.8418998
0.8892775
0.9003388
0.88485515
0.90117866
0.8877757
0.86308
0.8893808
0.6857168
0.8442878
0.7116606
0.8068866
0.30978176
0.83582175
0.32421345
0.17369765
0.8728007
0.27006286
0.7702852
0.85582167
0.8552981
0.23083895
0.8524299
0.87030476
0.8947279
0.8691118
0.8983859
0.8917625
0.8298615
0.812203
0.87914
0.88147277
0.5322242
0.8570406
0.31372467
0.9115488
0.17280252
0.19092587
0.2591012
0.16768003
0.15638278
0.38441503
0.28677395
0.6392434
0.8521535
0.8378281
0.89113003
0.12582311
0.85736656
0.8544012
0.88747
0.8951074
0.77632904
0.8847623
0.8828463
0.8412632
0.6705062
0.4656906
0.46970928
0.22458847
0.4544768
0.14426054
0.36043274
0.18269056
0.2897303
0.26355532
0.8905515
0.12366441
0.79654133
0.8825668
0.82506245
0.9042324
0.8063175
0.88600755
0.8794678
0.8368635
0.8816842
0.849252
0.87420565
0.79138243
0.7835099
0.87960064
0.5
0.5
0.088339716
0.13460314
0.49725077
0.18087588
0.1089979
0.872208
0.10281438
0.82224697
0.1865363
0.16124523
0.86319613
0.72305477
0.8376319
0.8751435
0.8368926
0.8725027
0.8688159
0.89067334
0.18279685
0.13153659
0.7975523
0.17220266
0.12626779
0.13083324
0.090559125
0.14424136
0.37865594
0.15258761
0.7632177
0.5017423
0.21472055
0.89537776
0.5
0.87924355
0.87931305
0.65897185
0.1988504
0.86298025
0.11675466
0.87024134
0.3095043
0.19414663
0.1325543
0.1699261
0.12310951
0.2631579
0.16580391
0.3667727
0.2592495
0.47192985
0.1486789
0.23381093
0.41089314
0.22868457
0.37305927
0.273277
0.19227542
0.6301099
0.5
0.31841898
0.054413423
0.13772404
0.12474864
0.24913843
0.07211205
0.2392034
0.12897587
0.39317757
0.5078942
0.2069515
0.09177892
0.23127197
0.10699055
0.11231955
0.3669756
0.37422717
0.07155072
0.1237489
0.11620872
0.22277497
0.065589026
0.13458495
0.12921071
0.12451883
0.19118439
0.20425592
0.20109631
0.1972928
0.5
0.12875493
0.21132948
0.20016776
0.0725988
0.14875934
0.07258319
0.10656436
0.08583201
